ABR Group Header  ==================================
    Group Number: 0
         Records: 12
  SigGen File #1: C:\ABRs\Stimulus\ClickRX8_Left.sig
  SigGen File #2: 
      Subject ID: 1903
    Reference #1: clickright
    Reference #2: pNOE2
            Memo: 
      Start Time: Thu Dec 17 14:33
        End Time: Thu Dec 17 14:38
----------------------------------------------------

   Record Number: 0
   Aqu. Duration: 9.99424 ms
     Onset Delay: 0 ms
      No. Points: 244
    No. Averages: 700
   No. Artifacts: 0
      Start Time: Thu Dec 17 14:34

    SigGen Index: 1
       Variables: 
                  Polarity = 1 
                  Level = 90 dB
6.8025e-009
3.87797e-008
-3.70598e-009
-9.84237e-008
-1.83586e-007
-1.99549e-007
-1.37871e-007
-3.93934e-008
4.83821e-008
1.03184e-007
1.27607e-007
1.35152e-007
1.40712e-007
1.58858e-007
2.04312e-007
2.75158e-007
3.34408e-007
3.33935e-007
2.56531e-007
1.26701e-007
-9.11458e-009
-1.13187e-007
-1.71032e-007
-1.85642e-007
-1.73736e-007
-1.53171e-007
-1.1898e-007
-5.15955e-008
4.33408e-008
1.21369e-007
1.31043e-007
5.51947e-008
-7.72892e-008
-2.15687e-007
-3.20451e-007
-3.74758e-007
-3.72257e-007
-3.08271e-007
-1.90558e-007
-5.04272e-008
6.52316e-008
1.16281e-007
9.03327e-008
1.21406e-008
-6.52766e-008
-9.2299e-008
-5.67833e-008
1.28332e-008
7.38687e-008
9.60945e-008
7.57394e-008
3.74873e-008
1.82752e-008
3.81114e-008
8.42867e-008
1.22063e-007
1.24427e-007
1.02786e-007
9.56804e-008
1.14761e-007
1.29643e-007
1.15367e-007
8.55968e-008
7.011e-008
7.46466e-008
7.41921e-008
4.75998e-008
7.47269e-009
-2.06743e-008
-3.63523e-008
-5.54589e-008
-7.95512e-008
-9.2171e-008
-7.17286e-008
-1.29054e-008
5.39858e-008
8.22882e-008
5.35106e-008
-8.89528e-009
-6.91642e-008
-1.15785e-007
-1.63747e-007
-2.18615e-007
-2.49137e-007
-2.07383e-007
-7.72282e-008
1.01069e-007
2.55906e-007
3.29358e-007
3.04909e-007
2.07259e-007
7.8401e-008
-4.40587e-008
-1.27907e-007
-1.43572e-007
-7.70741e-008
4.50468e-008
1.53027e-007
1.78316e-007
1.06692e-007
-1.50503e-008
-1.18524e-007
-1.54092e-007
-1.0654e-007
-2.39249e-009
9.5513e-008
1.29484e-007
9.43789e-008
3.73129e-008
9.89607e-009
2.54341e-008
6.18486e-008
9.57168e-008
1.19662e-007
1.26725e-007
1.04419e-007
5.94301e-008
2.26126e-008
1.32245e-008
1.69874e-008
1.06172e-008
-8.14772e-009
-3.0854e-008
-6.31226e-008
-1.17204e-007
-1.91644e-007
-2.69005e-007
-3.1934e-007
-3.07308e-007
-2.17695e-007
-7.92667e-008
4.87026e-008
1.18596e-007
1.21381e-007
7.86378e-008
2.25556e-008
-1.70601e-008
-2.7063e-008
-2.06262e-008
-1.78186e-008
-1.46425e-008
8.04926e-009
4.78197e-008
8.02959e-008
9.33654e-008
9.6576e-008
9.66524e-008
8.92742e-008
8.01395e-008
8.64679e-008
1.10811e-007
1.3397e-007
1.29846e-007
7.66954e-008
-2.47334e-008
-1.34303e-007
-2.00195e-007
-2.05332e-007
-1.6148e-007
-7.82087e-008
2.65794e-008
1.10872e-007
1.40942e-007
1.25153e-007
9.24267e-008
5.15805e-008
-3.44682e-009
-5.74651e-008
-7.33059e-008
-3.09589e-008
4.67137e-008
1.06132e-007
9.74735e-008
6.18527e-009
-1.35409e-007
-2.63463e-007
-3.27467e-007
-3.26217e-007
-2.86408e-007
-2.18523e-007
-1.12744e-007
3.02001e-008
1.76928e-007
2.73491e-007
2.8096e-007
2.05658e-007
1.01299e-007
3.48999e-008
3.71525e-008
7.92176e-008
1.03321e-007
8.63734e-008
6.30778e-008
7.22468e-008
1.038e-007
1.22576e-007
1.20481e-007
1.15617e-007
1.13033e-007
9.43147e-008
4.83759e-008
-9.04153e-009
-6.02118e-008
-1.06218e-007
-1.4731e-007
-1.76762e-007
-2.04297e-007
-2.46807e-007
-2.92559e-007
-3.08975e-007
-2.85092e-007
-2.38782e-007
-1.85171e-007
-1.25249e-007
-6.80008e-008
-3.54069e-008
-2.9835e-008
-1.15493e-008
7.33228e-008
2.33611e-007
3.99586e-007
4.69053e-007
4.05871e-007
2.73269e-007
1.59578e-007
9.87439e-008
6.99683e-008
4.63699e-008
2.72545e-008
2.67403e-008
4.22025e-008
4.77407e-008
1.70135e-008
-5.78304e-008
-1.58564e-007
-2.42753e-007
-2.69937e-007
-2.31466e-007
-1.52656e-007
-7.86453e-008
-4.99015e-008
-7.24793e-008
-1.16887e-007
-1.42868e-007

   Record Number: 1
   Aqu. Duration: 9.99424 ms
     Onset Delay: 0 ms
      No. Points: 244
    No. Averages: 700
   No. Artifacts: 0
      Start Time: Thu Dec 17 14:34

    SigGen Index: 1
       Variables: 
                  Polarity = 1 
                  Level = 90 dB
1.0033e-007
9.32931e-008
3.87543e-008
-3.82164e-008
-9.52625e-008
-9.83111e-008
-5.06591e-008
1.71472e-008
7.91942e-008
1.24661e-007
1.49995e-007
1.58752e-007
1.62609e-007
1.73921e-007
2.02225e-007
2.46306e-007
2.81566e-007
2.7381e-007
2.085e-007
9.96587e-008
-2.20597e-008
-1.26532e-007
-1.92841e-007
-2.13471e-007
-2.00162e-007
-1.71608e-007
-1.2883e-007
-6.08807e-008
2.09523e-008
7.2135e-008
5.01052e-008
-4.11328e-008
-1.50794e-007
-2.27184e-007
-2.56966e-007
-2.60186e-007
-2.54219e-007
-2.30492e-007
-1.6987e-007
-7.42942e-008
2.23451e-008
7.16348e-008
3.97438e-008
-6.66402e-008
-1.94531e-007
-2.74331e-007
-2.66818e-007
-1.8672e-007
-8.63199e-008
-1.78336e-008
-4.71434e-010
-1.01383e-008
-2.36386e-009
4.82004e-008
1.29391e-007
2.04212e-007
2.40515e-007
2.4e-007
2.31194e-007
2.29486e-007
2.23683e-007
2.0158e-007
1.71516e-007
1.52585e-007
1.45344e-007
1.2637e-007
8.24422e-008
3.56713e-008
1.58738e-008
2.08726e-008
2.73088e-008
2.45146e-008
1.91577e-008
2.32692e-008
4.30099e-008
6.75841e-008
7.47499e-008
5.42397e-008
1.78409e-008
-1.95991e-008
-6.31531e-008
-1.29811e-007
-2.13261e-007
-2.68812e-007
-2.44693e-007
-1.25705e-007
5.49103e-008
2.34194e-007
3.46858e-007
3.58665e-007
2.86038e-007
1.73774e-007
6.12421e-008
-2.35688e-008
-5.60116e-008
-2.26833e-008
5.43846e-008
1.16793e-007
1.11257e-007
3.08123e-008
-8.34282e-008
-1.74457e-007
-2.04528e-007
-1.71628e-007
-1.11797e-007
-7.9176e-008
-1.00112e-007
-1.47584e-007
-1.69975e-007
-1.41499e-007
-8.30382e-008
-3.76542e-008
-2.70437e-008
-3.83122e-008
-5.19797e-008
-5.80893e-008
-4.48496e-008
-6.6358e-009
3.34675e-008
3.58354e-008
-1.35907e-008
-8.51457e-008
-1.39712e-007
-1.68782e-007
-1.8692e-007
-2.06317e-007
-2.31351e-007
-2.55303e-007
-2.5425e-007
-2.02223e-007
-9.97616e-008
2.03386e-008
1.14464e-007
1.5349e-007
1.38693e-007
9.96433e-008
7.16109e-008
7.00768e-008
8.56297e-008
1.04715e-007
1.28863e-007
1.62047e-007
1.91483e-007
2.01856e-007
1.98518e-007
1.9668e-007
1.94176e-007
1.78484e-007
1.56106e-007
1.4553e-007
1.4815e-007
1.49109e-007
1.31867e-007
8.10246e-008
-5.52097e-009
-1.00312e-007
-1.64393e-007
-1.78728e-007
-1.40784e-007
-5.51068e-008
4.72006e-008
1.11707e-007
1.12503e-007
7.61543e-008
3.5514e-008
-1.32861e-008
-8.5178e-008
-1.59424e-007
-1.86586e-007
-1.35246e-007
-2.09903e-008
9.92544e-008
1.5583e-007
1.06547e-007
-2.93277e-008
-1.77097e-007
-2.66196e-007
-2.81205e-007
-2.43825e-007
-1.70079e-007
-6.38481e-008
6.31187e-008
1.79368e-007
2.45078e-007
2.35745e-007
1.60604e-007
6.47576e-008
4.98428e-009
7.80909e-009
4.60152e-008
6.52811e-008
4.18867e-008
2.27218e-009
-1.99629e-008
-2.18605e-008
-1.26073e-008
1.74622e-008
8.36946e-008
1.71759e-007
2.3783e-007
2.48939e-007
2.08708e-007
1.34074e-007
3.25798e-008
-8.1224e-008
-1.81818e-007
-2.57929e-007
-3.11601e-007
-3.34762e-007
-3.16964e-007
-2.72825e-007
-2.34801e-007
-2.14206e-007
-1.91051e-007
-1.51694e-007
-1.11649e-007
-8.52043e-008
-5.31532e-008
2.0882e-008
1.41059e-007
2.50379e-007
2.70894e-007
1.84497e-007
5.32144e-008
-4.67662e-008
-8.87126e-008
-9.14133e-008
-7.50622e-008
-3.56842e-008
3.60248e-008
1.21164e-007
1.75005e-007
1.61642e-007
7.81641e-008
-4.02981e-008
-1.34644e-007
-1.6083e-007
-1.18122e-007
-4.11756e-008
2.16459e-008
3.65538e-008
9.9452e-009
-2.09916e-008
-2.00579e-008

   Record Number: 2
   Aqu. Duration: 9.99424 ms
     Onset Delay: 0 ms
      No. Points: 244
    No. Averages: 700
   No. Artifacts: 0
      Start Time: Thu Dec 17 14:35

    SigGen Index: 2
       Variables: 
                  Polarity = 1 
                  Level = 80 dB
-1.69327e-007
-4.34481e-008
7.54832e-008
1.58209e-007
1.91617e-007
1.65627e-007
7.80107e-008
-4.00247e-008
-1.18529e-007
-9.74879e-008
1.75761e-008
1.63817e-007
2.76396e-007
3.23757e-007
3.05796e-007
2.40859e-007
1.59373e-007
1.02401e-007
1.07561e-007
1.7667e-007
2.61378e-007
2.9873e-007
2.65599e-007
1.93833e-007
1.3337e-007
1.10229e-007
1.23693e-007
1.61507e-007
1.95675e-007
1.83414e-007
1.06154e-007
3.90887e-009
-5.52346e-008
-4.45372e-008
-6.1942e-009
-1.16214e-008
-9.82443e-008
-2.38647e-007
-3.67373e-007
-4.35886e-007
-4.43998e-007
-4.27599e-007
-4.20674e-007
-4.232e-007
-3.98065e-007
-3.0029e-007
-1.19131e-007
9.56506e-008
2.53706e-007
2.91049e-007
2.18248e-007
9.6785e-008
-1.30224e-008
-7.41526e-008
-7.23086e-008
-1.62734e-008
6.32784e-008
1.25095e-007
1.36668e-007
9.25328e-008
1.68401e-008
-5.87356e-008
-1.21013e-007
-1.77143e-007
-2.3465e-007
-2.84129e-007
-3.02729e-007
-2.71887e-007
-1.94117e-007
-1.00015e-007
-3.5388e-008
-3.19556e-008
-8.21833e-008
-1.37722e-007
-1.43741e-007
-8.78505e-008
-7.84113e-009
5.10322e-008
7.31572e-008
7.28816e-008
7.55444e-008
9.52646e-008
1.18796e-007
1.13516e-007
6.19336e-008
-1.02109e-008
-4.46396e-008
4.85824e-009
1.3144e-007
2.77052e-007
3.75156e-007
3.9354e-007
3.45605e-007
2.6994e-007
2.01178e-007
1.53833e-007
1.26151e-007
1.18449e-007
1.40327e-007
1.92631e-007
2.51819e-007
2.84664e-007
2.75417e-007
2.27826e-007
1.48201e-007
4.0091e-008
-8.94865e-008
-2.21831e-007
-3.1775e-007
-3.28875e-007
-2.42802e-007
-1.13927e-007
-2.6649e-008
-2.25298e-008
-6.99602e-008
-1.02938e-007
-8.236e-008
-2.32395e-008
2.45624e-008
1.79834e-008
-4.63361e-008
-1.33338e-007
-2.01661e-007
-2.30664e-007
-2.27744e-007
-2.22784e-007
-2.41321e-007
-2.74643e-007
-2.91694e-007
-2.80105e-007
-2.59687e-007
-2.58739e-007
-2.88966e-007
-3.40168e-007
-3.85815e-007
-3.90243e-007
-3.29346e-007
-2.16976e-007
-9.46339e-008
1.28536e-008
1.14832e-007
2.25282e-007
3.32151e-007
4.02277e-007
4.08742e-007
3.5197e-007
2.66833e-007
2.09437e-007
2.17036e-007
2.79756e-007
3.59014e-007
4.16166e-007
4.20397e-007
3.54955e-007
2.29912e-007
8.20391e-008
-4.71774e-008
-1.27254e-007
-1.35855e-007
-7.10258e-008
2.83046e-008
1.01651e-007
1.14183e-007
7.78968e-008
3.44535e-008
2.07926e-008
3.9318e-008
5.77349e-008
4.35432e-008
-3.87863e-009
-5.78868e-008
-9.31912e-008
-1.07217e-007
-1.1765e-007
-1.33168e-007
-1.30374e-007
-8.64554e-008
-2.93713e-008
-1.93785e-008
-8.56446e-008
-1.98007e-007
-2.84742e-007
-2.8145e-007
-1.88071e-007
-7.09539e-008
7.787e-009
4.76987e-008
8.65294e-008
1.4307e-007
1.93785e-007
1.88278e-007
9.03081e-008
-7.3604e-008
-2.10415e-007
-2.32628e-007
-1.38166e-007
-8.0788e-009
6.59e-008
4.53384e-008
-4.06509e-008
-1.23975e-007
-1.48427e-007
-1.05237e-007
-2.53406e-008
4.99292e-008
8.91086e-008
7.80433e-008
2.13408e-008
-6.06239e-008
-1.42509e-007
-1.99026e-007
-1.96628e-007
-1.10086e-007
3.15535e-008
1.4698e-007
1.72921e-007
1.11484e-007
3.6862e-009
-1.13113e-007
-2.1074e-007
-2.62043e-007
-2.53755e-007
-2.02096e-007
-1.37426e-007
-7.53243e-008
-1.59531e-008
3.70771e-008
7.47206e-008
9.13578e-008
7.98844e-008
2.74502e-008
-6.34506e-008
-1.54529e-007
-1.92475e-007
-1.5303e-007
-5.64868e-008
5.9384e-008
1.67935e-007
2.50603e-007
2.87201e-007
2.65635e-007
1.95216e-007
1.06867e-007
4.10522e-008

   Record Number: 3
   Aqu. Duration: 9.99424 ms
     Onset Delay: 0 ms
      No. Points: 244
    No. Averages: 700
   No. Artifacts: 0
      Start Time: Thu Dec 17 14:35

    SigGen Index: 2
       Variables: 
                  Polarity = 1 
                  Level = 80 dB
-1.2641e-007
-1.52504e-008
7.54631e-008
1.37367e-007
1.74253e-007
1.71177e-007
1.03245e-007
-1.36199e-008
-1.06067e-007
-1.03533e-007
-7.96013e-009
1.12356e-007
1.89947e-007
2.02344e-007
1.5931e-007
7.59425e-008
-2.75787e-008
-1.1204e-007
-1.29903e-007
-6.72823e-008
3.12928e-008
9.76584e-008
1.03016e-007
7.79964e-008
6.95426e-008
9.2741e-008
1.32738e-007
1.73245e-007
2.006e-007
1.94149e-007
1.44614e-007
7.84626e-008
3.71318e-008
3.36605e-008
4.22728e-008
2.30439e-008
-4.24664e-008
-1.31969e-007
-2.02824e-007
-2.29847e-007
-2.22647e-007
-2.13969e-007
-2.28162e-007
-2.54442e-007
-2.51582e-007
-1.78809e-007
-2.93952e-008
1.51461e-007
2.86572e-007
3.20862e-007
2.55492e-007
1.2965e-007
-9.10172e-009
-1.11297e-007
-1.34343e-007
-6.88968e-008
4.5431e-008
1.38273e-007
1.53524e-007
8.84412e-008
-1.00787e-008
-8.76848e-008
-1.20035e-007
-1.20578e-007
-1.18796e-007
-1.25448e-007
-1.22984e-007
-9.05118e-008
-3.02496e-008
2.95275e-008
5.64472e-008
3.80319e-008
-1.31774e-008
-6.39476e-008
-7.61384e-008
-4.04422e-008
1.2351e-008
4.5344e-008
4.88099e-008
4.08022e-008
5.06435e-008
9.53714e-008
1.56539e-007
1.85617e-007
1.45644e-007
5.03817e-008
-3.83585e-008
-5.68991e-008
9.73235e-009
1.17845e-007
1.97778e-007
2.02e-007
1.35588e-007
4.1925e-008
-3.66413e-008
-7.95601e-008
-8.33818e-008
-5.08052e-008
1.15616e-008
8.74087e-008
1.51607e-007
1.85981e-007
1.9199e-007
1.7926e-007
1.46758e-007
8.44677e-008
-8.72843e-009
-1.10957e-007
-1.78446e-007
-1.70973e-007
-9.22656e-008
1.89479e-009
4.94514e-008
3.48374e-008
-4.79667e-009
-1.99468e-008
8.76402e-009
6.09858e-008
9.4474e-008
7.37892e-008
-1.33793e-009
-9.39621e-008
-1.61383e-007
-1.84212e-007
-1.76137e-007
-1.76636e-007
-2.14459e-007
-2.72794e-007
-3.09091e-007
-3.02243e-007
-2.68009e-007
-2.3995e-007
-2.41928e-007
-2.73416e-007
-3.11582e-007
-3.22129e-007
-2.83066e-007
-2.07795e-007
-1.2997e-007
-6.19173e-008
1.50705e-008
1.16156e-007
2.20616e-007
2.79808e-007
2.57885e-007
1.67115e-007
6.84425e-008
3.35425e-008
9.15156e-008
2.11632e-007
3.37756e-007
4.21269e-007
4.27101e-007
3.41778e-007
1.87569e-007
1.39838e-008
-1.34842e-007
-2.3283e-007
-2.56367e-007
-1.90459e-007
-5.8108e-008
8.11698e-008
1.71743e-007
1.96117e-007
1.75433e-007
1.44262e-007
1.20821e-007
9.83196e-008
6.35238e-008
1.60131e-008
-2.97405e-008
-5.38693e-008
-4.76363e-008
-2.29067e-008
8.36475e-009
5.83807e-008
1.35419e-007
2.00121e-007
1.92246e-007
9.70449e-008
-3.48751e-008
-1.22001e-007
-1.11406e-007
-2.34014e-008
7.04356e-008
1.18855e-007
1.28984e-007
1.38708e-007
1.6964e-007
2.02424e-007
1.84991e-007
7.96589e-008
-8.03712e-008
-1.97392e-007
-1.95272e-007
-9.36967e-008
1.56584e-008
5.52552e-008
1.40371e-008
-6.48976e-008
-1.2707e-007
-1.41603e-007
-1.08337e-007
-4.74425e-008
1.04473e-008
3.64949e-008
1.60506e-008
-4.85769e-008
-1.39088e-007
-2.24564e-007
-2.70769e-007
-2.4836e-007
-1.49957e-007
-1.49487e-008
8.52635e-008
1.05288e-007
5.53234e-008
-2.71582e-008
-1.11189e-007
-1.73638e-007
-1.93219e-007
-1.65087e-007
-1.13707e-007
-7.13758e-008
-4.69386e-008
-2.94729e-008
-1.24329e-008
-3.15508e-010
-1.67012e-009
-2.79912e-008
-9.07682e-008
-1.81902e-007
-2.60844e-007
-2.78409e-007
-2.16536e-007
-1.01869e-007
1.9693e-008
1.15614e-007
1.71465e-007
1.83175e-007
1.56829e-007
1.06464e-007
5.03703e-008
1.03218e-008

   Record Number: 4
   Aqu. Duration: 9.99424 ms
     Onset Delay: 0 ms
      No. Points: 244
    No. Averages: 700
   No. Artifacts: 0
      Start Time: Thu Dec 17 14:35

    SigGen Index: 3
       Variables: 
                  Polarity = 1 
                  Level = 70 dB
-2.15357e-008
-1.93425e-008
-7.84606e-008
-1.61874e-007
-2.28158e-007
-2.50058e-007
-2.24799e-007
-1.81445e-007
-1.57715e-007
-1.65438e-007
-1.93488e-007
-2.28532e-007
-2.49992e-007
-2.22283e-007
-1.21037e-007
3.30183e-008
1.7985e-007
2.6195e-007
2.62705e-007
2.11712e-007
1.53526e-007
1.16344e-007
1.07273e-007
1.13752e-007
1.14277e-007
1.07883e-007
1.19898e-007
1.69915e-007
2.44425e-007
2.98677e-007
2.85656e-007
1.91113e-007
3.9861e-008
-1.24262e-007
-2.54612e-007
-3.11778e-007
-2.81293e-007
-1.87081e-007
-7.34175e-008
2.84231e-008
1.01397e-007
1.27294e-007
1.0227e-007
5.17068e-008
2.10487e-009
-4.32022e-008
-8.62584e-008
-1.16032e-007
-1.18186e-007
-9.03021e-008
-4.39091e-008
1.21079e-009
2.00972e-008
-9.35596e-009
-8.62611e-008
-1.81036e-007
-2.54662e-007
-2.76838e-007
-2.39974e-007
-1.67033e-007
-9.0677e-008
-2.54303e-008
2.95277e-008
7.47465e-008
1.01332e-007
8.37415e-008
-5.55099e-010
-1.24794e-007
-2.12249e-007
-2.03475e-007
-1.10159e-007
7.9615e-010
5.91335e-008
3.12117e-008
-6.16937e-008
-1.52408e-007
-1.7455e-007
-1.16234e-007
-2.68055e-008
2.81492e-008
2.04695e-008
-1.80233e-008
-2.54544e-008
2.89491e-008
1.1776e-007
1.84947e-007
1.83769e-007
9.21943e-008
-7.6637e-008
-2.66146e-007
-3.97121e-007
-4.16259e-007
-3.27185e-007
-1.74095e-007
-4.56492e-009
1.41794e-007
2.25021e-007
2.18649e-007
1.35526e-007
3.08386e-008
-2.19224e-008
2.38501e-008
1.51416e-007
2.95096e-007
3.97228e-007
4.46084e-007
4.52457e-007
4.15288e-007
3.38189e-007
2.52036e-007
1.92253e-007
1.69697e-007
1.72322e-007
1.78101e-007
1.60977e-007
1.04343e-007
2.26841e-008
-4.2215e-008
-5.45888e-008
-1.06146e-008
6.15543e-008
1.18805e-007
1.24675e-007
6.59816e-008
-4.4761e-008
-1.79324e-007
-3.00015e-007
-3.67436e-007
-3.62486e-007
-2.98817e-007
-2.09511e-007
-1.25721e-007
-6.29936e-008
-2.507e-008
-1.56448e-008
-3.68918e-008
-8.4224e-008
-1.42934e-007
-1.81524e-007
-1.67727e-007
-1.06032e-007
-4.38667e-008
-3.67901e-008
-1.14192e-007
-2.5914e-007
-4.04858e-007
-4.66986e-007
-3.97421e-007
-2.14449e-007
1.50178e-008
2.19499e-007
3.51307e-007
3.9763e-007
3.85479e-007
3.56207e-007
3.25885e-007
2.86583e-007
2.31586e-007
1.60097e-007
7.25202e-008
-2.78758e-008
-1.29771e-007
-2.07115e-007
-2.25684e-007
-1.65007e-007
-3.04368e-008
1.48197e-007
3.18702e-007
4.20334e-007
4.12085e-007
2.90007e-007
8.5473e-008
-1.39771e-007
-3.09241e-007
-3.76862e-007
-3.63034e-007
-3.23529e-007
-2.87055e-007
-2.4448e-007
-1.85664e-007
-1.25991e-007
-1.0136e-007
-1.33255e-007
-1.9292e-007
-2.18645e-007
-1.74014e-007
-7.46782e-008
3.77995e-008
1.34244e-007
2.10059e-007
2.67839e-007
2.95921e-007
2.68642e-007
1.72009e-007
2.91502e-008
-1.06217e-007
-1.82512e-007
-1.82443e-007
-1.35505e-007
-9.5456e-008
-9.91093e-008
-1.43824e-007
-1.92066e-007
-1.94324e-007
-1.19757e-007
1.95483e-008
1.60361e-007
2.15937e-007
1.4234e-007
-1.66451e-008
-1.59825e-007
-2.06538e-007
-1.55312e-007
-7.55706e-008
-4.08487e-008
-7.09315e-008
-1.30612e-007
-1.62707e-007
-1.20869e-007
4.0233e-009
1.78431e-007
3.509e-007
4.6998e-007
4.90214e-007
4.06835e-007
2.79382e-007
1.84961e-007
1.5873e-007
1.85858e-007
2.18254e-007
2.01405e-007
1.18939e-007
8.0254e-009
-7.68868e-008
-1.02926e-007
-7.0776e-008
-3.70607e-009
7.5373e-008
1.53026e-007
2.13146e-007
2.31939e-007
1.9753e-007
1.27333e-007
5.14004e-008

   Record Number: 5
   Aqu. Duration: 9.99424 ms
     Onset Delay: 0 ms
      No. Points: 244
    No. Averages: 700
   No. Artifacts: 0
      Start Time: Thu Dec 17 14:35

    SigGen Index: 3
       Variables: 
                  Polarity = 1 
                  Level = 70 dB
8.93934e-008
9.12873e-008
2.19884e-008
-8.16647e-008
-1.74083e-007
-2.18967e-007
-2.09679e-007
-1.80447e-007
-1.74462e-007
-2.00105e-007
-2.33339e-007
-2.48666e-007
-2.29768e-007
-1.65714e-007
-6.03242e-008
5.70657e-008
1.46572e-007
1.86967e-007
1.87248e-007
1.71932e-007
1.56054e-007
1.39083e-007
1.16793e-007
8.47419e-008
4.55827e-008
2.29627e-008
4.53352e-008
1.12705e-007
1.91451e-007
2.33746e-007
2.02908e-007
9.74511e-008
-4.60326e-008
-1.74582e-007
-2.41828e-007
-2.24294e-007
-1.34983e-007
-1.81179e-008
8.53075e-008
1.63272e-007
2.16326e-007
2.36112e-007
2.165e-007
1.66694e-007
1.00436e-007
2.76484e-008
-3.87391e-008
-8.16306e-008
-8.86351e-008
-5.7907e-008
-1.2134e-009
5.34753e-008
6.86535e-008
1.94288e-008
-8.31046e-008
-1.98247e-007
-2.86789e-007
-3.28265e-007
-3.22506e-007
-2.84811e-007
-2.26348e-007
-1.45115e-007
-4.61677e-008
4.62647e-008
9.90872e-008
8.13199e-008
-1.39483e-008
-1.40504e-007
-2.16083e-007
-1.8877e-007
-8.24758e-008
2.40103e-008
6.02273e-008
1.12951e-008
-8.05846e-008
-1.4751e-007
-1.40868e-007
-6.48103e-008
2.85564e-008
7.8973e-008
6.38995e-008
1.59483e-008
-7.33845e-009
2.57966e-008
1.01613e-007
1.80162e-007
2.16038e-007
1.6827e-007
2.43609e-008
-1.70187e-007
-3.25533e-007
-3.68147e-007
-2.86356e-007
-1.20456e-007
7.08517e-008
2.26743e-007
2.95158e-007
2.58061e-007
1.48892e-007
4.22487e-008
1.77702e-008
1.0612e-007
2.58747e-007
3.85329e-007
4.28288e-007
3.94585e-007
3.20046e-007
2.31961e-007
1.55232e-007
1.16008e-007
1.17094e-007
1.31706e-007
1.30912e-007
1.03944e-007
5.37675e-008
-8.34681e-009
-5.97014e-008
-7.44181e-008
-4.53638e-008
6.1004e-009
4.53852e-008
4.76669e-008
7.02901e-009
-6.8369e-008
-1.66389e-007
-2.7775e-007
-3.85579e-007
-4.52975e-007
-4.44423e-007
-3.62715e-007
-2.51774e-007
-1.6143e-007
-1.12479e-007
-9.69584e-008
-1.01059e-007
-1.163e-007
-1.40041e-007
-1.69758e-007
-1.90654e-007
-1.80157e-007
-1.31448e-007
-6.68793e-008
-3.00729e-008
-6.15408e-008
-1.63327e-007
-2.81048e-007
-3.32465e-007
-2.6326e-007
-8.33555e-008
1.45311e-007
3.51118e-007
4.82569e-007
5.24801e-007
5.06061e-007
4.65233e-007
4.10404e-007
3.30116e-007
2.26632e-007
1.15937e-007
1.01093e-008
-8.71553e-008
-1.70534e-007
-2.25612e-007
-2.34575e-007
-1.83373e-007
-6.46729e-008
1.10279e-007
2.9479e-007
4.14556e-007
4.08403e-007
2.65962e-007
3.29332e-008
-2.05451e-007
-3.58389e-007
-3.84051e-007
-3.15894e-007
-2.20812e-007
-1.44123e-007
-9.90123e-008
-7.96798e-008
-7.49278e-008
-8.2725e-008
-1.04213e-007
-1.21629e-007
-1.07067e-007
-5.31838e-008
2.53989e-008
1.13472e-007
2.02119e-007
2.79837e-007
3.26443e-007
3.16848e-007
2.35821e-007
9.91122e-008
-4.53856e-008
-1.46174e-007
-1.73294e-007
-1.30078e-007
-6.04844e-008
-2.66571e-008
-5.90929e-008
-1.33712e-007
-1.9348e-007
-1.83969e-007
-8.39836e-008
7.40594e-008
2.09579e-007
2.38686e-007
1.37277e-007
-3.40597e-008
-1.73622e-007
-2.13911e-007
-1.65719e-007
-9.64494e-008
-6.60658e-008
-8.66581e-008
-1.31351e-007
-1.56926e-007
-1.23469e-007
-2.05416e-008
1.22665e-007
2.59985e-007
3.47706e-007
3.532e-007
2.81391e-007
1.83301e-007
1.1389e-007
9.45965e-008
1.13258e-007
1.33571e-007
1.17131e-007
5.88485e-008
-9.86816e-009
-5.30539e-008
-5.43537e-008
-2.20942e-008
2.05184e-008
5.50226e-008
7.54102e-008
7.75946e-008
5.48133e-008
1.10539e-008
-3.50582e-008
-7.16802e-008

   Record Number: 6
   Aqu. Duration: 9.99424 ms
     Onset Delay: 0 ms
      No. Points: 244
    No. Averages: 700
   No. Artifacts: 0
      Start Time: Thu Dec 17 14:36

    SigGen Index: 4
       Variables: 
                  Polarity = 1 
                  Level = 60 dB
4.29643e-007
3.52303e-007
1.89819e-007
-1.5004e-008
-2.02026e-007
-3.15443e-007
-3.31157e-007
-2.70392e-007
-1.75766e-007
-7.98554e-008
-4.80375e-009
2.79583e-008
1.5691e-008
-5.24436e-009
9.48347e-009
5.86394e-008
1.01849e-007
1.11807e-007
9.39028e-008
7.20333e-008
7.47145e-008
1.16158e-007
1.78715e-007
2.22244e-007
2.1681e-007
1.69259e-007
1.12614e-007
6.61217e-008
1.93862e-008
-4.33623e-008
-1.21669e-007
-1.98798e-007
-2.47097e-007
-2.41285e-007
-1.82413e-007
-1.01767e-007
-2.8379e-008
3.64266e-008
9.88612e-008
1.47587e-007
1.68542e-007
1.60448e-007
1.18867e-007
3.76862e-008
-5.98552e-008
-1.25868e-007
-1.3217e-007
-9.21576e-008
-4.62633e-008
-3.55568e-008
-7.94097e-008
-1.65983e-007
-2.59122e-007
-3.19674e-007
-3.27936e-007
-2.90081e-007
-2.25634e-007
-1.49057e-007
-6.38835e-008
2.45652e-008
9.67044e-008
1.31331e-007
1.31064e-007
1.17775e-007
1.01795e-007
7.89907e-008
5.32628e-008
3.24898e-008
8.76718e-009
-3.3445e-008
-9.25577e-008
-1.43694e-007
-1.59795e-007
-1.3999e-007
-1.12123e-007
-1.02866e-007
-1.08376e-007
-9.769e-008
-4.61978e-008
3.81985e-008
1.22423e-007
1.70931e-007
1.63483e-007
1.08071e-007
3.96083e-008
-7.95557e-009
-3.45198e-008
-6.60795e-008
-1.08996e-007
-1.30184e-007
-9.33693e-008
-3.59553e-009
9.86334e-008
1.80302e-007
2.31482e-007
2.46765e-007
2.25493e-007
1.92102e-007
1.80962e-007
1.96151e-007
2.15055e-007
2.19706e-007
1.99454e-007
1.50648e-007
9.62835e-008
7.87561e-008
1.10068e-007
1.46015e-007
1.3243e-007
6.20588e-008
-3.26736e-008
-1.19309e-007
-1.83371e-007
-2.28197e-007
-2.59337e-007
-2.64433e-007
-2.24805e-007
-1.43793e-007
-4.61822e-008
4.23244e-008
1.01917e-007
1.16463e-007
8.33536e-008
2.23133e-008
-3.79548e-008
-7.56649e-008
-7.72079e-008
-4.04439e-008
1.858e-008
7.33332e-008
1.04848e-007
1.08717e-007
8.79565e-008
4.95624e-008
9.56912e-009
-8.75598e-009
1.10511e-008
6.49991e-008
1.24574e-007
1.4819e-007
1.11442e-007
2.72435e-008
-6.96639e-008
-1.44191e-007
-1.72334e-007
-1.59076e-007
-1.40728e-007
-1.54124e-007
-2.06743e-007
-2.7406e-007
-3.19447e-007
-3.21649e-007
-2.8747e-007
-2.38453e-007
-1.87886e-007
-1.34445e-007
-7.83043e-008
-3.55193e-008
-2.84155e-008
-5.87992e-008
-9.42033e-008
-9.05168e-008
-3.15545e-008
5.60348e-008
1.23988e-007
1.37442e-007
9.62346e-008
3.07449e-008
-1.86677e-008
-2.64171e-008
2.39756e-010
2.82814e-008
3.05374e-008
1.19033e-008
3.13201e-009
2.80954e-008
8.30515e-008
1.45954e-007
1.94376e-007
2.18433e-007
2.27878e-007
2.46448e-007
2.91125e-007
3.52977e-007
4.05964e-007
4.33971e-007
4.34369e-007
3.99691e-007
3.17824e-007
1.90861e-007
4.26302e-008
-8.53675e-008
-1.47731e-007
-1.309e-007
-7.65684e-008
-4.58496e-008
-6.01648e-008
-9.25114e-008
-1.10827e-007
-1.10335e-007
-9.81119e-008
-6.75663e-008
-1.73056e-008
1.63644e-008
-1.1525e-008
-9.3471e-008
-1.7164e-007
-1.99695e-007
-1.8046e-007
-1.48002e-007
-1.24496e-007
-9.25953e-008
-2.16781e-008
7.9414e-008
1.63835e-007
1.91739e-007
1.49797e-007
4.9112e-008
-7.71467e-008
-1.90526e-007
-2.66988e-007
-2.99558e-007
-2.96369e-007
-2.75205e-007
-2.4478e-007
-1.95135e-007
-1.14979e-007
-1.25445e-008
8.32636e-008
1.38264e-007
1.31316e-007
6.38057e-008
-4.11727e-008
-1.4505e-007
-2.03035e-007
-1.79083e-007
-6.71448e-008
9.9168e-008
2.58778e-007
3.45374e-007
3.24265e-007
2.2577e-007
1.20624e-007
5.99552e-008

   Record Number: 7
   Aqu. Duration: 9.99424 ms
     Onset Delay: 0 ms
      No. Points: 244
    No. Averages: 700
   No. Artifacts: 0
      Start Time: Thu Dec 17 14:36

    SigGen Index: 4
       Variables: 
                  Polarity = 1 
                  Level = 60 dB
2.09247e-007
1.77225e-007
5.5198e-008
-1.1918e-007
-2.74295e-007
-3.44661e-007
-3.15783e-007
-2.31841e-007
-1.49639e-007
-9.28332e-008
-5.77718e-008
-4.29856e-008
-4.68526e-008
-4.67466e-008
-1.43857e-008
4.73533e-008
1.09507e-007
1.52614e-007
1.75122e-007
1.82348e-007
1.85769e-007
1.97401e-007
2.15764e-007
2.27174e-007
2.22091e-007
2.06683e-007
1.92564e-007
1.74352e-007
1.32855e-007
6.27979e-008
-1.93908e-008
-9.3103e-008
-1.43125e-007
-1.58283e-007
-1.38152e-007
-9.74717e-008
-5.00644e-008
3.58553e-009
6.12534e-008
1.07601e-007
1.29141e-007
1.23164e-007
8.74496e-008
2.44111e-008
-4.2287e-008
-7.76995e-008
-6.36759e-008
-1.29248e-008
3.45779e-008
3.49964e-008
-2.42562e-008
-1.1206e-007
-1.8035e-007
-2.03059e-007
-1.90468e-007
-1.7219e-007
-1.65891e-007
-1.58268e-007
-1.20639e-007
-4.51182e-008
4.00087e-008
9.44587e-008
1.04064e-007
8.74504e-008
6.56425e-008
4.21621e-008
1.36372e-008
-2.03552e-008
-5.97186e-008
-1.03556e-007
-1.44295e-007
-1.66162e-007
-1.58352e-007
-1.3034e-007
-1.03888e-007
-8.98483e-008
-7.72529e-008
-4.28268e-008
2.58951e-008
1.12871e-007
1.81459e-007
1.99125e-007
1.55821e-007
6.91401e-008
-2.31121e-008
-8.52424e-008
-1.10301e-007
-1.19781e-007
-1.29208e-007
-1.23991e-007
-8.19959e-008
-1.37737e-008
4.32928e-008
7.20196e-008
8.40134e-008
8.38941e-008
6.97357e-008
6.60348e-008
1.05133e-007
1.76617e-007
2.34209e-007
2.39176e-007
1.79303e-007
7.78133e-008
-8.54339e-009
-3.09437e-008
3.36212e-009
3.91307e-008
3.27683e-008
-1.35955e-008
-7.65645e-008
-1.3853e-007
-1.88259e-007
-2.19556e-007
-2.26709e-007
-1.99204e-007
-1.35875e-007
-5.36701e-008
2.9711e-008
1.04666e-007
1.55807e-007
1.61264e-007
1.17517e-007
5.03689e-008
-8.15641e-009
-4.11106e-008
-4.34969e-008
-1.53828e-008
3.68449e-008
9.9664e-008
1.5671e-007
1.91826e-007
1.88659e-007
1.41236e-007
7.28244e-008
2.9423e-008
4.41844e-008
1.1243e-007
1.95597e-007
2.44184e-007
2.28276e-007
1.5178e-007
4.13868e-008
-6.62507e-008
-1.36501e-007
-1.57314e-007
-1.48646e-007
-1.46744e-007
-1.73397e-007
-2.14367e-007
-2.35472e-007
-2.21164e-007
-1.86346e-007
-1.54965e-007
-1.36718e-007
-1.20809e-007
-9.15179e-008
-5.36698e-008
-3.66521e-008
-6.18568e-008
-1.07105e-007
-1.17547e-007
-5.85498e-008
4.66975e-008
1.34143e-007
1.52153e-007
9.9341e-008
1.82802e-008
-3.97165e-008
-5.16216e-008
-3.62767e-008
-3.22257e-008
-6.16056e-008
-1.11491e-007
-1.45739e-007
-1.36089e-007
-8.00231e-008
6.84218e-009
1.01312e-007
1.77818e-007
2.20185e-007
2.33315e-007
2.36554e-007
2.45631e-007
2.67649e-007
3.04662e-007
3.43687e-007
3.49774e-007
2.90874e-007
1.69285e-007
2.13801e-008
-1.01601e-007
-1.58523e-007
-1.50842e-007
-1.2271e-007
-1.0961e-007
-1.00727e-007
-6.61912e-008
-7.31574e-009
3.91876e-008
4.67188e-008
2.70001e-008
-3.13929e-009
-5.66727e-008
-1.47021e-007
-2.46952e-007
-3.05583e-007
-2.94993e-007
-2.30137e-007
-1.50562e-007
-7.97072e-008
-6.97166e-011
1.127e-007
2.38079e-007
3.23215e-007
3.31372e-007
2.57987e-007
1.26856e-007
-1.71339e-008
-1.32487e-007
-2.03409e-007
-2.35629e-007
-2.38902e-007
-2.15574e-007
-1.61197e-007
-7.59346e-008
2.46733e-008
1.13146e-007
1.63524e-007
1.61127e-007
1.0536e-007
9.22426e-009
-1.03252e-007
-2.03112e-007
-2.6211e-007
-2.55832e-007
-1.72511e-007
-2.5759e-008
1.35795e-007
2.38072e-007
2.35288e-007
1.56705e-007
7.08174e-008
2.3361e-008

   Record Number: 8
   Aqu. Duration: 9.99424 ms
     Onset Delay: 0 ms
      No. Points: 244
    No. Averages: 700
   No. Artifacts: 0
      Start Time: Thu Dec 17 14:37

    SigGen Index: 5
       Variables: 
                  Polarity = 1 
                  Level = 50 dB
8.5442e-008
1.0395e-007
8.64572e-008
3.02612e-008
-3.95307e-008
-8.41141e-008
-7.30265e-008
-5.16746e-009
8.46784e-008
1.43597e-007
1.38986e-007
9.0011e-008
5.3284e-008
6.64518e-008
1.08295e-007
1.19563e-007
5.87121e-008
-5.98116e-008
-1.67136e-007
-1.86212e-007
-9.65243e-008
4.61846e-008
1.53352e-007
1.61275e-007
6.37265e-008
-8.73562e-008
-2.12309e-007
-2.49652e-007
-1.89338e-007
-7.35137e-008
3.34191e-008
7.94861e-008
4.78751e-008
-3.17617e-008
-9.93891e-008
-1.13599e-007
-8.6483e-008
-6.48726e-008
-8.54267e-008
-1.4481e-007
-2.0488e-007
-2.33764e-007
-2.36355e-007
-2.33294e-007
-2.2519e-007
-1.97618e-007
-1.53521e-007
-1.17471e-007
-1.09272e-007
-1.27455e-007
-1.49296e-007
-1.38468e-007
-6.47551e-008
7.10137e-008
2.24318e-007
3.2715e-007
3.41626e-007
2.89843e-007
2.17334e-007
1.47926e-007
9.00855e-008
6.27787e-008
9.06726e-008
1.7023e-007
2.55698e-007
2.98581e-007
2.93131e-007
2.6356e-007
2.17137e-007
1.40778e-007
4.50614e-008
-2.22959e-008
-2.45424e-008
2.01777e-008
5.89698e-008
5.28101e-008
-4.16977e-009
-8.84108e-008
-1.58249e-007
-1.77285e-007
-1.34199e-007
-4.44461e-008
5.77605e-008
1.33081e-007
1.60252e-007
1.52725e-007
1.40917e-007
1.38982e-007
1.36568e-007
1.08134e-007
3.04059e-008
-9.23938e-008
-2.24803e-007
-3.19244e-007
-3.36573e-007
-2.72552e-007
-1.70374e-007
-8.69713e-008
-4.81119e-008
-4.67295e-008
-6.76843e-008
-9.41301e-008
-1.03467e-007
-8.37496e-008
-5.1331e-008
-3.00904e-008
-1.99628e-008
-7.51692e-009
6.68447e-009
1.24948e-008
8.626e-009
3.27614e-009
4.23206e-009
1.16154e-008
1.89344e-008
2.31532e-008
2.2909e-008
3.10406e-009
-5.47895e-008
-1.39629e-007
-2.07358e-007
-2.17305e-007
-1.68588e-007
-1.00646e-007
-5.43547e-008
-3.36633e-008
-8.73359e-009
4.91203e-008
1.36445e-007
2.11283e-007
2.19858e-007
1.42498e-007
1.37887e-008
-1.05192e-007
-1.66432e-007
-1.5166e-007
-7.88206e-008
-1.14276e-009
3.07921e-008
2.0206e-008
1.60609e-008
5.01219e-008
1.04884e-007
1.47634e-007
1.69754e-007
1.7834e-007
1.72513e-007
1.47484e-007
1.06971e-007
5.92919e-008
1.39724e-008
-1.30244e-008
-9.09884e-009
1.40168e-008
2.59789e-008
1.12877e-008
-1.18315e-008
-1.2688e-008
1.44746e-008
4.20099e-008
3.84947e-008
2.54167e-010
-4.88232e-008
-8.07637e-008
-8.17422e-008
-5.25183e-008
5.08845e-009
9.24774e-008
1.91222e-007
2.50884e-007
2.27825e-007
1.31627e-007
2.07585e-008
-3.74209e-008
-7.38985e-009
8.36389e-008
1.57208e-007
1.49098e-007
5.52951e-008
-8.65414e-008
-2.26847e-007
-3.13221e-007
-3.1026e-007
-2.26622e-007
-1.08138e-007
-3.64557e-009
6.07266e-008
8.60623e-008
8.53115e-008
6.8087e-008
4.17926e-008
1.55854e-008
-8.36741e-011
2.10832e-010
4.31525e-009
-1.1157e-008
-5.03099e-008
-9.00715e-008
-1.14188e-007
-1.3543e-007
-1.69968e-007
-2.07588e-007
-2.23026e-007
-2.0633e-007
-1.698e-007
-1.28533e-007
-8.31254e-008
-2.69455e-008
3.23628e-008
6.94119e-008
6.55522e-008
3.01077e-008
-8.41916e-009
-2.21697e-008
8.42511e-009
8.80839e-008
1.92591e-007
2.67082e-007
2.59331e-007
1.71246e-007
6.98868e-008
2.89803e-008
5.64772e-008
9.39123e-008
8.73269e-008
3.44271e-008
-3.50928e-008
-9.51395e-008
-1.38563e-007
-1.68071e-007
-1.74417e-007
-1.3719e-007
-5.3855e-008
4.3954e-008
1.12969e-007
1.30734e-007
1.02052e-007
4.9899e-008
1.01179e-008
1.73243e-008
6.71923e-008
9.73181e-008
4.32741e-008
-8.35141e-008

   Record Number: 9
   Aqu. Duration: 9.99424 ms
     Onset Delay: 0 ms
      No. Points: 244
    No. Averages: 700
   No. Artifacts: 0
      Start Time: Thu Dec 17 14:37

    SigGen Index: 5
       Variables: 
                  Polarity = 1 
                  Level = 50 dB
4.22665e-008
6.279e-008
4.3361e-008
-1.14404e-008
-7.64919e-008
-1.22306e-007
-1.25203e-007
-7.57884e-008
7.48988e-009
7.88756e-008
1.01857e-007
8.77465e-008
8.02097e-008
1.01839e-007
1.30012e-007
1.22996e-007
5.82306e-008
-4.71936e-008
-1.38406e-007
-1.58599e-007
-1.00806e-007
-1.47163e-008
3.77556e-008
2.07571e-008
-6.43425e-008
-1.77446e-007
-2.52796e-007
-2.36655e-007
-1.26648e-007
2.41296e-008
1.43485e-007
1.84198e-007
1.48464e-007
8.46656e-008
5.13747e-008
6.8808e-008
1.06243e-007
1.16207e-007
7.40514e-008
-3.43072e-009
-7.01248e-008
-9.62436e-008
-9.65821e-008
-9.90528e-008
-1.03153e-007
-8.90569e-008
-5.55084e-008
-2.80324e-008
-3.19664e-008
-6.86503e-008
-1.1362e-007
-1.30968e-007
-9.3981e-008
-2.73273e-009
1.08136e-007
1.83858e-007
1.89034e-007
1.33567e-007
5.63119e-008
-2.05141e-009
-1.1573e-008
3.84866e-008
1.3191e-007
2.24995e-007
2.67927e-007
2.45169e-007
1.8531e-007
1.19495e-007
4.75465e-008
-4.1312e-008
-1.31822e-007
-1.86095e-007
-1.82338e-007
-1.39874e-007
-9.90214e-008
-8.57242e-008
-1.00497e-007
-1.24575e-007
-1.34059e-007
-1.16522e-007
-7.15103e-008
-5.38248e-009
6.39857e-008
1.12608e-007
1.31534e-007
1.33895e-007
1.35443e-007
1.36481e-007
1.24412e-007
8.35223e-008
7.78916e-009
-8.74084e-008
-1.73e-007
-2.21318e-007
-2.149e-007
-1.61662e-007
-9.96617e-008
-6.67624e-008
-6.57033e-008
-7.12893e-008
-6.69978e-008
-5.53749e-008
-3.74263e-008
-8.8552e-009
2.6678e-008
6.42497e-008
1.07642e-007
1.54609e-007
1.86803e-007
1.86767e-007
1.53568e-007
9.96481e-008
4.50294e-008
1.15077e-008
9.26366e-009
2.83177e-008
4.19094e-008
1.96966e-008
-4.71033e-008
-1.30303e-007
-1.82298e-007
-1.71786e-007
-1.09182e-007
-3.87291e-008
1.56182e-009
1.24116e-008
2.48976e-008
6.64677e-008
1.36158e-007
2.0144e-007
2.19354e-007
1.71061e-007
7.31275e-008
-3.94404e-008
-1.26554e-007
-1.55489e-007
-1.28597e-007
-9.03046e-008
-7.94445e-008
-7.96911e-008
-4.43358e-008
3.24782e-008
9.99499e-008
1.10271e-007
6.70412e-008
8.16725e-009
-3.57083e-008
-5.69511e-008
-6.25116e-008
-6.18202e-008
-5.7644e-008
-4.67736e-008
-3.55945e-008
-4.59673e-008
-9.06476e-008
-1.47476e-007
-1.70704e-007
-1.34008e-007
-5.98337e-008
1.02467e-009
1.60811e-008
-9.23063e-009
-4.98621e-008
-8.55412e-008
-1.06932e-007
-1.04333e-007
-5.92757e-008
3.60987e-008
1.46077e-007
2.02674e-007
1.70106e-007
8.28186e-008
1.17193e-008
1.12647e-008
9.14427e-008
2.08057e-007
2.84823e-007
2.70702e-007
1.707e-007
2.37418e-008
-1.2002e-007
-2.06893e-007
-2.04606e-007
-1.28871e-007
-3.00967e-008
4.58545e-008
8.22524e-008
8.78453e-008
7.61755e-008
5.3701e-008
2.34112e-008
-8.96326e-009
-2.81462e-008
-1.73553e-008
1.44267e-008
3.15923e-008
1.20697e-008
-3.09286e-008
-7.56552e-008
-1.17552e-007
-1.57648e-007
-1.84076e-007
-1.79702e-007
-1.40406e-007
-7.81969e-008
-8.83468e-009
6.12726e-008
1.30002e-007
1.81136e-007
1.86981e-007
1.36182e-007
4.57003e-008
-5.50992e-008
-1.34281e-007
-1.56247e-007
-9.79674e-008
2.19343e-008
1.37516e-007
1.76334e-007
1.23966e-007
4.35394e-008
1.34392e-008
4.526e-008
7.92204e-008
6.03828e-008
-6.91572e-009
-8.26621e-008
-1.39586e-007
-1.78848e-007
-2.06859e-007
-2.09068e-007
-1.61373e-007
-6.62418e-008
3.63362e-008
9.99507e-008
1.08174e-007
7.97799e-008
4.89408e-008
4.51929e-008
8.07986e-008
1.34201e-007
1.49259e-007
8.48469e-008
-3.24845e-008

   Record Number: 10
   Aqu. Duration: 9.99424 ms
     Onset Delay: 0 ms
      No. Points: 244
    No. Averages: 700
   No. Artifacts: 0
      Start Time: Thu Dec 17 14:38

    SigGen Index: 6
       Variables: 
                  Polarity = 1 
                  Level = 40 dB
-1.80421e-007
-1.71867e-007
-1.85088e-007
-2.07632e-007
-2.3243e-007
-2.53992e-007
-2.51215e-007
-2.00679e-007
-1.09318e-007
-1.45696e-008
4.99607e-008
7.43149e-008
6.07008e-008
1.32944e-008
-5.56066e-008
-1.22297e-007
-1.59459e-007
-1.47667e-007
-8.26723e-008
2.77057e-008
1.67193e-007
3.02587e-007
3.83923e-007
3.7645e-007
2.93847e-007
1.89838e-007
1.15616e-007
8.96235e-008
1.09034e-007
1.66681e-007
2.38374e-007
2.81105e-007
2.67647e-007
2.09856e-007
1.40812e-007
8.00595e-008
1.49597e-008
-7.8213e-008
-1.86656e-007
-2.5405e-007
-2.41786e-007
-1.73704e-007
-9.71613e-008
-2.81013e-008
4.28618e-008
1.15209e-007
1.66917e-007
1.67791e-007
1.07186e-007
1.83935e-008
-3.5794e-008
-1.87216e-008
4.0247e-008
7.15105e-008
2.83764e-008
-8.20307e-008
-2.15568e-007
-3.18966e-007
-3.55297e-007
-3.23993e-007
-2.50854e-007
-1.57508e-007
-5.55705e-008
3.32991e-008
7.74029e-008
6.39888e-008
1.22492e-008
-4.28689e-008
-6.95482e-008
-5.14954e-008
8.89284e-009
9.23889e-008
1.63836e-007
1.89747e-007
1.67159e-007
1.26855e-007
1.02897e-007
9.85431e-008
8.91095e-008
6.08421e-008
2.83533e-008
1.01326e-008
7.93562e-009
8.77423e-009
-7.84871e-009
-5.11256e-008
-9.45599e-008
-8.98658e-008
-1.75541e-008
8.53306e-008
1.4962e-007
1.25323e-007
2.12518e-008
-9.49998e-008
-1.49942e-007
-1.26932e-007
-6.06359e-008
1.27027e-008
6.49739e-008
6.98377e-008
2.85451e-008
-2.13592e-008
-4.36138e-008
-3.04091e-008
8.14714e-009
5.58431e-008
9.15377e-008
9.86131e-008
7.69843e-008
5.02533e-008
5.93518e-008
1.20437e-007
1.92353e-007
2.18393e-007
1.84772e-007
1.2006e-007
7.00133e-008
7.64845e-008
1.40989e-007
2.05931e-007
1.91383e-007
5.33226e-008
-1.79029e-007
-4.0997e-007
-5.42103e-007
-5.49578e-007
-4.80805e-007
-3.99898e-007
-3.41477e-007
-3.08043e-007
-2.88666e-007
-2.7732e-007
-2.7387e-007
-2.63897e-007
-2.14319e-007
-1.11944e-007
4.68651e-009
7.04335e-008
5.01566e-008
-2.6411e-008
-8.81916e-008
-8.90215e-008
-4.14727e-008
1.85898e-008
8.30257e-008
1.73731e-007
2.99736e-007
4.27672e-007
4.9984e-007
4.74128e-007
3.51544e-007
1.79743e-007
2.76114e-008
-5.97035e-008
-8.55452e-008
-7.73958e-008
-4.5349e-008
2.3555e-008
1.32074e-007
2.46464e-007
3.13164e-007
3.02066e-007
2.33155e-007
1.63928e-007
1.43608e-007
1.68963e-007
1.89328e-007
1.59322e-007
7.88382e-008
-1.68897e-008
-8.93288e-008
-1.14735e-007
-9.32279e-008
-5.66811e-008
-5.10718e-008
-9.65339e-008
-1.74909e-007
-2.55012e-007
-3.1417e-007
-3.3517e-007
-2.97923e-007
-1.92733e-007
-4.54448e-008
8.73978e-008
1.54384e-007
1.34424e-007
4.54517e-008
-5.45602e-008
-1.04805e-007
-1.00413e-007
-8.93168e-008
-1.11378e-007
-1.64592e-007
-2.12823e-007
-2.08656e-007
-1.37622e-007
-5.27038e-008
-3.08059e-008
-8.58035e-008
-1.59847e-007
-1.96443e-007
-1.83386e-007
-1.40394e-007
-9.69968e-008
-6.40104e-008
-1.89458e-008
6.49506e-008
1.87472e-007
3.25142e-007
4.44299e-007
5.08574e-007
5.00413e-007
4.40517e-007
3.63428e-007
2.80441e-007
1.85492e-007
8.15314e-008
-1.32559e-008
-8.24093e-008
-1.30848e-007
-1.70796e-007
-1.90703e-007
-1.66821e-007
-9.97019e-008
-1.88111e-008
3.97317e-008
5.16891e-008
1.15934e-008
-6.28409e-008
-1.26573e-007
-1.29571e-007
-6.54453e-008
1.68132e-008
6.01075e-008
4.70066e-008
1.86287e-009
-4.6109e-008
-8.83907e-008
-1.1614e-007
-1.01124e-007
-2.82421e-008
6.2944e-008
9.26567e-008
1.01498e-008

   Record Number: 11
   Aqu. Duration: 9.99424 ms
     Onset Delay: 0 ms
      No. Points: 244
    No. Averages: 700
   No. Artifacts: 0
      Start Time: Thu Dec 17 14:38

    SigGen Index: 6
       Variables: 
                  Polarity = 1 
                  Level = 40 dB
-8.007e-008
-6.83264e-008
-4.15057e-008
-2.24686e-008
-4.22454e-008
-1.05142e-007
-1.7302e-007
-1.99045e-007
-1.70252e-007
-1.07334e-007
-3.70952e-008
1.79007e-008
3.50657e-008
1.72087e-009
-7.1303e-008
-1.5717e-007
-2.26416e-007
-2.48465e-007
-1.98301e-007
-7.60739e-008
8.30459e-008
2.20513e-007
2.80844e-007
2.44955e-007
1.45274e-007
4.15454e-008
-2.19702e-008
-3.70421e-008
-1.40311e-008
3.96108e-008
1.12084e-007
1.77686e-007
2.13311e-007
2.17316e-007
2.0171e-007
1.66475e-007
9.14418e-008
-3.16691e-008
-1.60593e-007
-2.25275e-007
-2.01859e-007
-1.33717e-007
-7.03579e-008
-2.04391e-008
2.87257e-008
7.79571e-008
1.11714e-007
1.1178e-007
7.83264e-008
4.47268e-008
5.60395e-008
1.19718e-007
1.88763e-007
2.02688e-007
1.36383e-007
1.07182e-008
-1.22783e-007
-2.0626e-007
-2.10875e-007
-1.5433e-007
-7.27351e-008
1.38503e-008
9.63798e-008
1.52169e-007
1.47723e-007
7.34738e-008
-3.63785e-008
-1.28322e-007
-1.68723e-007
-1.56369e-007
-1.06738e-007
-4.0198e-008
1.78435e-008
4.87842e-008
5.62572e-008
5.79511e-008
6.14422e-008
5.34003e-008
2.11524e-008
-1.99728e-008
-3.86545e-008
-2.07494e-008
2.19786e-008
6.02062e-008
5.72534e-008
-1.77247e-009
-7.99125e-008
-1.11194e-007
-6.44804e-008
2.38611e-008
7.85916e-008
4.43588e-008
-6.74512e-008
-1.78296e-007
-2.0724e-007
-1.439e-007
-3.74838e-008
6.36895e-008
1.24926e-007
1.16078e-007
3.66882e-008
-7.02486e-008
-1.51967e-007
-1.79831e-007
-1.51413e-007
-8.45997e-008
-1.14482e-008
4.083e-008
6.74871e-008
8.91682e-008
1.34864e-007
2.03716e-007
2.54919e-007
2.54688e-007
2.11266e-007
1.57974e-007
1.3147e-007
1.56631e-007
2.21998e-007
2.77865e-007
2.67879e-007
1.62003e-007
-1.80236e-008
-1.97342e-007
-2.98755e-007
-3.03426e-007
-2.53023e-007
-2.03441e-007
-1.87106e-007
-2.07733e-007
-2.53258e-007
-3.05702e-007
-3.40642e-007
-3.27124e-007
-2.47321e-007
-1.26314e-007
-2.59761e-008
1.66829e-009
-4.60544e-008
-1.18416e-007
-1.50204e-007
-1.20023e-007
-5.97908e-008
-8.6333e-010
6.7734e-008
1.75678e-007
3.18381e-007
4.43802e-007
4.91615e-007
4.35627e-007
2.96621e-007
1.308e-007
-7.78131e-010
-6.99817e-008
-9.11571e-008
-8.68413e-008
-5.45595e-008
1.9503e-008
1.25302e-007
2.22096e-007
2.63441e-007
2.29426e-007
1.45909e-007
7.31766e-008
6.19311e-008
1.08835e-007
1.60284e-007
1.65844e-007
1.18037e-007
4.14068e-008
-3.34181e-008
-7.9945e-008
-8.59161e-008
-6.71349e-008
-5.842e-008
-8.47591e-008
-1.47372e-007
-2.29215e-007
-3.02022e-007
-3.3382e-007
-3.00228e-007
-1.99693e-007
-6.5341e-008
5.00144e-008
1.08329e-007
9.80188e-008
2.84713e-008
-6.47658e-008
-1.3325e-007
-1.55732e-007
-1.50102e-007
-1.46371e-007
-1.57868e-007
-1.6504e-007
-1.28179e-007
-3.95645e-008
4.143e-008
3.61084e-008
-6.61508e-008
-1.93208e-007
-2.62357e-007
-2.45322e-007
-1.74101e-007
-1.03478e-007
-5.79698e-008
-1.43821e-008
6.08219e-008
1.78014e-007
3.24041e-007
4.63321e-007
5.46215e-007
5.50582e-007
5.04333e-007
4.39893e-007
3.54789e-007
2.38074e-007
1.01684e-007
-2.49504e-008
-1.16299e-007
-1.68085e-007
-1.85694e-007
-1.61743e-007
-9.20655e-008
-1.04214e-009
7.22345e-008
1.01016e-007
7.76746e-008
1.05192e-008
-7.39836e-008
-1.33201e-007
-1.34842e-007
-9.07223e-008
-4.69798e-008
-3.68535e-008
-5.66641e-008
-8.45267e-008
-1.10368e-007
-1.37417e-007
-1.54636e-007
-1.30155e-007
-4.61074e-008
6.61147e-008
1.32094e-007
9.10606e-008

