ABR Group Header  ==================================
    Group Number: 0
         Records: 12
  SigGen File #1: C:\ABRs\Stimulus\ClickRX8_Left.sig
  SigGen File #2: 
      Subject ID: 1903
    Reference #1: clickleft2
    Reference #2: pNOE2
            Memo: 
      Start Time: Thu Dec 17 14:27
        End Time: Thu Dec 17 14:31
----------------------------------------------------

   Record Number: 0
   Aqu. Duration: 9.99424 ms
     Onset Delay: 0 ms
      No. Points: 244
    No. Averages: 700
   No. Artifacts: 0
      Start Time: Thu Dec 17 14:27

    SigGen Index: 1
       Variables: 
                  Polarity = 1 
                  Level = 90 dB
-2.25932e-007
-2.95819e-007
-3.13893e-007
-2.76354e-007
-1.8435e-007
-3.32066e-008
1.69619e-007
3.86222e-007
5.59945e-007
6.43443e-007
6.2022e-007
5.09043e-007
3.57421e-007
2.26698e-007
1.56506e-007
1.37467e-007
1.34269e-007
1.25452e-007
1.09151e-007
8.72277e-008
5.98945e-008
3.38207e-008
2.17648e-008
2.32637e-008
1.5719e-008
-2.26855e-008
-8.96199e-008
-1.64976e-007
-2.27746e-007
-2.60227e-007
-2.51014e-007
-2.06763e-007
-1.58818e-007
-1.49171e-007
-1.98468e-007
-2.86082e-007
-3.67086e-007
-4.05566e-007
-3.89414e-007
-3.2631e-007
-2.37969e-007
-1.49345e-007
-6.95469e-008
2.15181e-008
1.65953e-007
3.88522e-007
6.51048e-007
8.59441e-007
9.27752e-007
8.38078e-007
6.45392e-007
4.31417e-007
2.52305e-007
1.20128e-007
2.02859e-008
-7.01759e-008
-1.81398e-007
-3.31691e-007
-4.89873e-007
-5.8556e-007
-5.71131e-007
-4.57941e-007
-2.97973e-007
-1.50432e-007
-6.04905e-008
-4.23169e-008
-7.02388e-008
-9.47045e-008
-7.21971e-008
5.00374e-009
9.52577e-008
1.40102e-007
1.17686e-007
5.62084e-008
3.28626e-009
-9.39452e-009
1.97984e-008
6.63195e-008
9.7345e-008
1.03171e-007
1.09444e-007
1.47987e-007
2.19452e-007
2.84481e-007
2.90512e-007
2.12651e-007
7.08291e-008
-8.5756e-008
-2.04184e-007
-2.5004e-007
-2.28207e-007
-1.87604e-007
-1.89211e-007
-2.58537e-007
-3.69386e-007
-4.71149e-007
-5.25312e-007
-5.14935e-007
-4.3615e-007
-3.03979e-007
-1.62733e-007
-6.66826e-008
-4.07169e-008
-6.55803e-008
-1.04359e-007
-1.35923e-007
-1.59412e-007
-1.80876e-007
-2.03977e-007
-2.22191e-007
-2.15017e-007
-1.62568e-007
-7.31318e-008
1.28775e-008
6.2399e-008
8.71378e-008
1.2775e-007
2.0408e-007
2.87903e-007
3.2515e-007
2.86468e-007
1.98748e-007
1.2509e-007
1.13727e-007
1.71908e-007
2.7913e-007
4.04961e-007
5.14468e-007
5.67681e-007
5.2808e-007
3.91391e-007
2.02655e-007
2.91703e-008
-8.03633e-008
-1.09691e-007
-7.03303e-008
6.31321e-010
5.62655e-008
7.66782e-008
8.36006e-008
1.05714e-007
1.35427e-007
1.34776e-007
8.54906e-008
1.57408e-008
-3.29511e-008
-5.32413e-008
-6.92761e-008
-9.29978e-008
-1.09867e-007
-1.08406e-007
-9.53966e-008
-8.13229e-008
-7.67044e-008
-9.47463e-008
-1.32215e-007
-1.58917e-007
-1.45935e-007
-9.68451e-008
-4.02841e-008
3.17034e-011
1.94623e-008
2.7031e-008
3.27055e-008
3.14237e-008
-9.02762e-010
-8.56545e-008
-2.13029e-007
-3.3899e-007
-4.13296e-007
-4.1174e-007
-3.43574e-007
-2.36522e-007
-1.22385e-007
-3.05849e-008
1.66207e-008
5.63326e-009
-6.49898e-008
-1.68802e-007
-2.51173e-007
-2.69046e-007
-2.25787e-007
-1.61768e-007
-1.22979e-007
-1.33129e-007
-1.80583e-007
-2.22516e-007
-2.03206e-007
-9.19966e-008
8.15157e-008
2.41484e-007
3.19316e-007
2.89126e-007
1.68363e-007
5.5851e-009
-1.36188e-007
-2.01783e-007
-1.70741e-007
-7.36294e-008
2.88488e-008
9.18744e-008
1.11572e-007
1.16155e-007
1.39077e-007
1.89795e-007
2.48413e-007
2.89592e-007
3.01513e-007
2.83979e-007
2.43523e-007
1.94711e-007
1.61335e-007
1.7066e-007
2.3042e-007
3.01109e-007
3.1439e-007
2.37935e-007
1.08141e-007
-5.47719e-009
-5.48809e-008
-3.73884e-008
1.33551e-008
5.35161e-008
5.90873e-008
3.95065e-008
2.19462e-008
2.21972e-008
3.39381e-008
4.74702e-008
6.70405e-008
9.37785e-008
1.00873e-007
5.28455e-008
-4.67541e-008
-1.46637e-007
-1.95275e-007
-1.84006e-007
-1.38373e-007
-9.05708e-008
-7.09841e-008
-1.00956e-007
-1.75056e-007
-2.62024e-007
-3.34152e-007

   Record Number: 1
   Aqu. Duration: 9.99424 ms
     Onset Delay: 0 ms
      No. Points: 244
    No. Averages: 700
   No. Artifacts: 0
      Start Time: Thu Dec 17 14:27

    SigGen Index: 1
       Variables: 
                  Polarity = 1 
                  Level = 90 dB
-2.37159e-008
-9.96024e-008
-1.81061e-007
-2.46071e-007
-2.58169e-007
-1.80466e-007
-8.29264e-009
2.1437e-007
4.12884e-007
5.19216e-007
5.04822e-007
3.87715e-007
2.18111e-007
5.8172e-008
-4.57005e-008
-8.36603e-008
-7.40806e-008
-4.06304e-008
2.9112e-010
3.68116e-008
5.75745e-008
6.07098e-008
5.61735e-008
4.7171e-008
2.42342e-008
-1.5571e-008
-5.95758e-008
-9.25652e-008
-1.06504e-007
-9.52089e-008
-5.06627e-008
2.70997e-008
1.15221e-007
1.68485e-007
1.49956e-007
6.8837e-008
-2.27302e-008
-7.66266e-008
-8.46876e-008
-7.24983e-008
-7.60358e-008
-1.19603e-007
-1.92917e-007
-2.44298e-007
-2.11479e-007
-7.49472e-008
1.17163e-007
2.80786e-007
3.50151e-007
3.10402e-007
1.97629e-007
7.14542e-008
-2.16689e-008
-6.66454e-008
-7.29665e-008
-6.69239e-008
-8.70553e-008
-1.53147e-007
-2.32312e-007
-2.64647e-007
-2.20733e-007
-1.19153e-007
-7.26423e-009
6.34723e-008
6.46263e-008
1.04727e-008
-5.3855e-008
-8.58378e-008
-6.57989e-008
-5.62359e-009
5.1113e-008
6.06317e-008
1.82653e-008
-3.82932e-008
-5.72037e-008
-9.00706e-009
9.05423e-008
1.89962e-007
2.42313e-007
2.45995e-007
2.39738e-007
2.55649e-007
2.88138e-007
3.01272e-007
2.5583e-007
1.36809e-007
-3.65769e-008
-2.18566e-007
-3.4916e-007
-3.77357e-007
-3.00814e-007
-1.85542e-007
-1.25675e-007
-1.70714e-007
-2.90988e-007
-4.08541e-007
-4.53145e-007
-3.95164e-007
-2.50256e-007
-7.17805e-008
7.24776e-008
1.39917e-007
1.38171e-007
1.09659e-007
9.05126e-008
8.37003e-008
6.93969e-008
3.39644e-008
-1.50311e-008
-5.54899e-008
-6.57199e-008
-3.81385e-008
9.41038e-009
3.81667e-008
2.06544e-008
-2.90081e-008
-6.56064e-008
-5.22904e-008
1.21058e-008
9.47726e-008
1.54247e-007
1.74943e-007
1.78249e-007
1.94739e-007
2.35677e-007
2.95333e-007
3.64131e-007
4.2876e-007
4.62547e-007
4.30759e-007
3.23176e-007
1.75294e-007
4.3595e-008
-3.70448e-008
-6.97232e-008
-7.84656e-008
-8.13709e-008
-7.98653e-008
-6.81583e-008
-4.16813e-008
-3.045e-010
3.80178e-008
3.73265e-008
-1.78709e-008
-9.45347e-008
-1.45151e-007
-1.61595e-007
-1.72904e-007
-1.99148e-007
-2.33336e-007
-2.63786e-007
-2.88306e-007
-3.06586e-007
-3.18936e-007
-3.26712e-007
-3.20068e-007
-2.78317e-007
-1.95729e-007
-9.86725e-008
-2.21425e-008
2.66431e-008
6.72512e-008
1.17781e-007
1.76392e-007
2.18483e-007
2.09135e-007
1.29914e-007
-5.20744e-010
-1.3568e-007
-2.3397e-007
-2.76602e-007
-2.5662e-007
-1.75721e-007
-6.22581e-008
3.02538e-008
5.74176e-008
1.0157e-008
-8.75649e-008
-1.88405e-007
-2.39091e-007
-2.15609e-007
-1.39749e-007
-5.63126e-008
-3.41235e-009
2.87952e-009
-2.82702e-008
-6.2452e-008
-4.82936e-008
4.49534e-008
1.88407e-007
3.12145e-007
3.63644e-007
3.31727e-007
2.2923e-007
8.44541e-008
-5.65946e-008
-1.45829e-007
-1.59479e-007
-1.09411e-007
-3.03308e-008
4.17533e-008
8.52282e-008
1.05251e-007
1.28349e-007
1.69032e-007
2.13197e-007
2.43251e-007
2.56187e-007
2.50055e-007
2.1711e-007
1.60766e-007
1.08543e-007
9.85469e-008
1.4337e-007
2.05377e-007
2.22998e-007
1.66287e-007
5.71164e-008
-5.72405e-008
-1.36791e-007
-1.65708e-007
-1.54149e-007
-1.25326e-007
-9.7076e-008
-7.38914e-008
-5.33212e-008
-3.51647e-008
-2.12791e-008
-9.01972e-009
8.72053e-009
2.93054e-008
2.97288e-008
-1.18282e-008
-8.15473e-008
-1.35367e-007
-1.43415e-007
-1.133e-007
-6.81958e-008
-2.6546e-008
-7.00679e-009
-2.47294e-008
-7.43944e-008
-1.32887e-007
-1.79184e-007

   Record Number: 2
   Aqu. Duration: 9.99424 ms
     Onset Delay: 0 ms
      No. Points: 244
    No. Averages: 700
   No. Artifacts: 0
      Start Time: Thu Dec 17 14:28

    SigGen Index: 2
       Variables: 
                  Polarity = 1 
                  Level = 80 dB
-5.22057e-008
-2.47091e-008
-2.7386e-008
-3.36737e-008
-1.74825e-008
2.48355e-008
7.75799e-008
1.17867e-007
1.31611e-007
1.219e-007
9.60253e-008
5.46504e-008
4.09665e-009
-4.00003e-008
-7.6809e-008
-1.29285e-007
-2.15273e-007
-3.20707e-007
-4.05951e-007
-4.31154e-007
-3.76826e-007
-2.54944e-007
-1.08322e-007
1.17394e-008
7.46054e-008
7.76333e-008
4.0894e-008
3.13513e-009
-2.67478e-009
1.92912e-008
3.77025e-008
2.7475e-008
-1.7446e-008
-8.50641e-008
-1.51913e-007
-1.94024e-007
-1.92174e-007
-1.421e-007
-6.52214e-008
5.48924e-009
5.13418e-008
7.47164e-008
9.15214e-008
1.25601e-007
1.96666e-007
3.00946e-007
4.07173e-007
4.76137e-007
4.87694e-007
4.52004e-007
3.95659e-007
3.42135e-007
3.05435e-007
2.88297e-007
2.78826e-007
2.57452e-007
2.14408e-007
1.55391e-007
8.6608e-008
4.40373e-009
-9.36552e-008
-1.91988e-007
-2.57435e-007
-2.67293e-007
-2.36607e-007
-2.02714e-007
-1.86677e-007
-1.79188e-007
-1.56279e-007
-1.07398e-007
-5.37559e-008
-3.21045e-008
-5.40342e-008
-9.10975e-008
-1.06161e-007
-9.00835e-008
-6.09399e-008
-2.98061e-008
1.71547e-008
8.5367e-008
1.4193e-007
1.49895e-007
1.12744e-007
6.3415e-008
2.95576e-008
1.43923e-008
-4.92314e-009
-5.18462e-008
-1.17576e-007
-1.68853e-007
-1.8724e-007
-1.85921e-007
-1.87486e-007
-1.9583e-007
-1.95101e-007
-1.76154e-007
-1.60546e-007
-1.85172e-007
-2.53996e-007
-3.17193e-007
-3.17241e-007
-2.48267e-007
-1.48861e-007
-5.82132e-008
-6.71585e-009
-9.63294e-009
-3.68794e-008
-2.55876e-008
5.25911e-008
1.56156e-007
2.17739e-007
2.11975e-007
1.71343e-007
1.50276e-007
1.84382e-007
2.6421e-007
3.35004e-007
3.38423e-007
2.68333e-007
1.82883e-007
1.52714e-007
1.9029e-007
2.3464e-007
2.14721e-007
1.25329e-007
3.20552e-008
6.72451e-009
6.68229e-008
1.66023e-007
2.33583e-007
2.33147e-007
1.85133e-007
1.28511e-007
7.53202e-008
1.50812e-008
-5.02572e-008
-9.65385e-008
-9.98811e-008
-5.74608e-008
1.19872e-008
7.99254e-008
1.18134e-007
1.07206e-007
4.52073e-008
-4.92257e-008
-1.37874e-007
-1.7823e-007
-1.59047e-007
-1.10371e-007
-6.61355e-008
-3.80885e-008
-3.08438e-008
-5.13646e-008
-9.23784e-008
-1.33197e-007
-1.67315e-007
-2.02125e-007
-2.27008e-007
-2.12782e-007
-1.52274e-007
-8.43384e-008
-6.42637e-008
-1.10347e-007
-1.85299e-007
-2.28162e-007
-2.03829e-007
-1.25572e-007
-2.92347e-008
6.46277e-008
1.52232e-007
2.24415e-007
2.61258e-007
2.4659e-007
1.80863e-007
8.87445e-008
1.95163e-008
1.72939e-008
7.5968e-008
1.39863e-007
1.55765e-007
1.16534e-007
5.77418e-008
2.04741e-008
1.96832e-008
4.02695e-008
5.25735e-008
3.38483e-008
-1.84594e-008
-9.22643e-008
-1.72979e-007
-2.44816e-007
-2.89055e-007
-2.90488e-007
-2.43154e-007
-1.4933e-007
-2.23793e-008
1.02107e-007
1.69271e-007
1.40854e-007
3.37959e-008
-8.50624e-008
-1.4127e-007
-9.48748e-008
3.32155e-008
1.73365e-007
2.66062e-007
3.05174e-007
3.14379e-007
3.00279e-007
2.47778e-007
1.53159e-007
4.31364e-008
-4.5535e-008
-9.86847e-008
-1.24436e-007
-1.24539e-007
-8.78547e-008
-1.19045e-008
8.90271e-008
1.95037e-007
2.83737e-007
3.27466e-007
3.05504e-007
2.19508e-007
8.94965e-008
-5.96212e-008
-2.01259e-007
-3.0181e-007
-3.27023e-007
-2.69933e-007
-1.73836e-007
-1.12863e-007
-1.35026e-007
-2.24354e-007
-3.18071e-007
-3.48419e-007
-2.77082e-007
-1.21366e-007
4.55908e-008
1.41592e-007
1.35419e-007
6.19165e-008
-1.73167e-008
-6.40931e-008

   Record Number: 3
   Aqu. Duration: 9.99424 ms
     Onset Delay: 0 ms
      No. Points: 244
    No. Averages: 700
   No. Artifacts: 0
      Start Time: Thu Dec 17 14:28

    SigGen Index: 2
       Variables: 
                  Polarity = 1 
                  Level = 80 dB
-1.62774e-008
2.59175e-008
3.86723e-008
4.73151e-008
7.45056e-008
1.15495e-007
1.46437e-007
1.49637e-007
1.30753e-007
1.0824e-007
8.72838e-008
5.48811e-008
1.67917e-009
-6.44879e-008
-1.31329e-007
-1.95413e-007
-2.57993e-007
-3.14844e-007
-3.50556e-007
-3.41126e-007
-2.68211e-007
-1.40718e-007
-1.33721e-009
9.81805e-008
1.29998e-007
1.02421e-007
5.30016e-008
2.86962e-008
5.25237e-008
1.03952e-007
1.41899e-007
1.40038e-007
9.54034e-008
2.17089e-008
-5.64651e-008
-1.08668e-007
-1.06873e-007
-4.49425e-008
4.86746e-008
1.3013e-007
1.70381e-007
1.64825e-007
1.29606e-007
9.3737e-008
7.88558e-008
8.06489e-008
7.45806e-008
4.06942e-008
-1.80636e-008
-8.11192e-008
-1.2604e-007
-1.34772e-007
-9.50662e-008
-8.55621e-009
1.02091e-007
2.01701e-007
2.64002e-007
2.8372e-007
2.67221e-007
2.18481e-007
1.39745e-007
4.57167e-008
-3.25543e-008
-7.37366e-008
-8.85939e-008
-1.03265e-007
-1.3522e-007
-1.85216e-007
-2.32593e-007
-2.50079e-007
-2.37621e-007
-2.24943e-007
-2.34714e-007
-2.57271e-007
-2.62976e-007
-2.33895e-007
-1.78684e-007
-1.08531e-007
-1.46338e-008
1.05032e-007
2.18541e-007
2.88654e-007
3.08225e-007
2.93765e-007
2.61946e-007
2.12292e-007
1.27876e-007
4.47053e-009
-1.29099e-007
-2.34958e-007
-2.97038e-007
-3.18923e-007
-3.07321e-007
-2.65754e-007
-1.96139e-007
-1.07701e-007
-3.09491e-008
-8.23387e-009
-4.99404e-008
-1.09508e-007
-1.26827e-007
-8.7828e-008
-1.79177e-008
5.70267e-008
1.14814e-007
1.41295e-007
1.55092e-007
1.94257e-007
2.66381e-007
3.32593e-007
3.4929e-007
3.13675e-007
2.59917e-007
2.26492e-007
2.33717e-007
2.69299e-007
2.86331e-007
2.38638e-007
1.31845e-007
2.63232e-008
-2.04946e-008
-1.04254e-008
9.91711e-010
-3.0993e-008
-8.58447e-008
-1.0023e-007
-3.902e-008
7.0132e-008
1.63077e-007
1.90488e-007
1.52534e-007
8.87723e-008
3.5899e-008
1.66055e-009
-2.15633e-008
-3.45901e-008
-3.31323e-008
-1.68972e-008
1.28403e-008
5.43127e-008
9.78841e-008
1.21206e-007
1.00957e-007
3.34449e-008
-5.96523e-008
-1.39291e-007
-1.68261e-007
-1.41077e-007
-8.80611e-008
-4.48453e-008
-3.33096e-008
-6.47448e-008
-1.35113e-007
-2.16393e-007
-2.77911e-007
-3.21602e-007
-3.70021e-007
-4.16389e-007
-4.19457e-007
-3.5926e-007
-2.7227e-007
-2.14544e-007
-2.04563e-007
-2.13627e-007
-2.00972e-007
-1.53341e-007
-9.23638e-008
-4.00434e-008
1.02e-008
7.43804e-008
1.46074e-007
1.99325e-007
2.1245e-007
1.81468e-007
1.24138e-007
7.96259e-008
8.78535e-008
1.52095e-007
2.2862e-007
2.63999e-007
2.42161e-007
1.94493e-007
1.6636e-007
1.77304e-007
2.11289e-007
2.32661e-007
2.08976e-007
1.31794e-007
2.22714e-008
-8.45017e-008
-1.5758e-007
-1.78701e-007
-1.47983e-007
-8.05267e-008
9.75817e-009
1.12086e-007
1.95602e-007
2.06158e-007
1.13484e-007
-4.48481e-008
-1.83607e-007
-2.29284e-007
-1.64307e-007
-3.74826e-008
7.05386e-008
1.1243e-007
1.03018e-007
8.1262e-008
6.52109e-008
5.17699e-008
3.41265e-008
6.03133e-009
-3.47178e-008
-8.04808e-008
-1.14464e-007
-1.18199e-007
-8.43063e-008
-1.95881e-008
6.62971e-008
1.62602e-007
2.46307e-007
2.85883e-007
2.64133e-007
1.88209e-007
7.42105e-008
-6.61089e-008
-2.16396e-007
-3.39847e-007
-3.8756e-007
-3.38222e-007
-2.29238e-007
-1.34749e-007
-1.09712e-007
-1.59e-007
-2.40897e-007
-2.83391e-007
-2.24807e-007
-6.95524e-008
1.05064e-007
2.12017e-007
2.19291e-007
1.55941e-007
7.53599e-008
1.61168e-008

   Record Number: 4
   Aqu. Duration: 9.99424 ms
     Onset Delay: 0 ms
      No. Points: 244
    No. Averages: 700
   No. Artifacts: 0
      Start Time: Thu Dec 17 14:29

    SigGen Index: 3
       Variables: 
                  Polarity = 1 
                  Level = 70 dB
-1.11452e-008
-4.19846e-008
-4.89182e-008
-5.5868e-008
-7.71251e-008
-1.01171e-007
-1.02769e-007
-6.84718e-008
-1.28077e-008
2.36531e-008
-4.43909e-009
-1.10173e-007
-2.51349e-007
-3.5429e-007
-3.69917e-007
-3.08198e-007
-2.22158e-007
-1.62331e-007
-1.38771e-007
-1.20567e-007
-7.11321e-008
1.65077e-008
1.12167e-007
1.72804e-007
1.77912e-007
1.40558e-007
9.40408e-008
7.49559e-008
9.71493e-008
1.33499e-007
1.42705e-007
1.09779e-007
4.95184e-008
-9.77324e-009
-3.33401e-008
8.98189e-009
1.16196e-007
2.42621e-007
3.21427e-007
3.04927e-007
1.91909e-007
2.84839e-008
-1.1692e-007
-1.88924e-007
-1.67701e-007
-6.95261e-008
6.36689e-008
1.83138e-007
2.61077e-007
3.04774e-007
3.39358e-007
3.77248e-007
4.04083e-007
3.94881e-007
3.44357e-007
2.68467e-007
1.77023e-007
6.92393e-008
-4.37156e-008
-1.34819e-007
-1.88002e-007
-2.1892e-007
-2.59053e-007
-3.2447e-007
-4.0549e-007
-4.73424e-007
-4.9175e-007
-4.41193e-007
-3.43156e-007
-2.42887e-007
-1.69171e-007
-1.25625e-007
-1.07639e-007
-1.02214e-007
-8.4678e-008
-4.18514e-008
6.78456e-009
3.10784e-008
3.63448e-008
6.94568e-008
1.67479e-007
3.06657e-007
4.08849e-007
4.03893e-007
2.87962e-007
1.21377e-007
-1.89354e-008
-8.37643e-008
-6.8667e-008
1.08052e-009
9.49937e-008
1.81314e-007
2.22228e-007
1.87071e-007
7.95096e-008
-5.24551e-008
-1.38701e-007
-1.24438e-007
-1.10742e-008
1.27426e-007
1.93947e-007
1.47807e-007
2.76075e-008
-9.80822e-008
-1.85314e-007
-2.23511e-007
-2.19035e-007
-1.87453e-007
-1.46971e-007
-1.0888e-007
-8.33864e-008
-9.07393e-008
-1.42752e-007
-2.07618e-007
-2.23204e-007
-1.60793e-007
-5.42715e-008
3.81247e-008
8.04054e-008
6.73074e-008
1.13871e-008
-6.13835e-008
-1.14249e-007
-1.1569e-007
-5.94344e-008
2.61556e-008
9.3822e-008
1.18032e-007
1.14677e-007
1.08632e-007
1.00895e-007
8.18019e-008
5.16241e-008
1.54621e-008
-1.92329e-008
-3.12406e-008
5.98352e-009
9.16573e-008
1.88761e-007
2.52396e-007
2.5373e-007
1.90162e-007
9.60822e-008
3.52482e-008
6.03503e-008
1.63874e-007
2.69979e-007
2.8984e-007
1.90501e-007
1.67114e-008
-1.40929e-007
-2.04657e-007
-1.59886e-007
-6.23323e-008
8.63799e-009
1.36906e-008
-2.08556e-008
-3.65539e-008
-6.78103e-009
3.6327e-008
4.61677e-008
1.08135e-008
-5.38241e-008
-1.27514e-007
-1.94756e-007
-2.52255e-007
-3.00447e-007
-3.26004e-007
-3.12489e-007
-2.63689e-007
-2.02333e-007
-1.4821e-007
-1.03936e-007
-6.54186e-008
-3.78073e-008
-2.75484e-008
-2.08051e-008
1.52788e-008
9.62406e-008
1.91306e-007
2.49042e-007
2.49708e-007
2.22258e-007
2.14612e-007
2.48862e-007
2.98838e-007
3.09794e-007
2.40471e-007
8.96825e-008
-1.01425e-007
-2.63631e-007
-3.34761e-007
-2.98337e-007
-1.8574e-007
-4.43441e-008
8.59599e-008
1.74312e-007
2.00455e-007
1.63886e-007
8.47045e-008
-9.47195e-009
-9.73123e-008
-1.70249e-007
-2.30376e-007
-2.78574e-007
-3.08657e-007
-3.1523e-007
-2.91642e-007
-2.22833e-007
-1.05913e-007
2.48592e-008
1.18343e-007
1.51529e-007
1.41352e-007
1.19992e-007
1.12364e-007
1.32491e-007
1.85104e-007
2.59591e-007
3.29813e-007
3.72678e-007
3.78671e-007
3.41886e-007
2.61993e-007
1.62639e-007
9.15594e-008
8.57785e-008
1.31363e-007
1.70102e-007
1.55146e-007
9.10932e-008
1.67774e-008
-3.4332e-008
-4.75667e-008
-2.54476e-008
3.25047e-009
-8.80231e-009
-8.74313e-008
-2.11719e-007
-3.31304e-007
-3.98481e-007
-3.94211e-007
-3.42821e-007
-2.94247e-007

   Record Number: 5
   Aqu. Duration: 9.99424 ms
     Onset Delay: 0 ms
      No. Points: 244
    No. Averages: 700
   No. Artifacts: 0
      Start Time: Thu Dec 17 14:29

    SigGen Index: 3
       Variables: 
                  Polarity = 1 
                  Level = 70 dB
-4.0912e-008
-4.83458e-008
-4.87178e-008
-5.92769e-008
-8.72209e-008
-1.16867e-007
-1.23347e-007
-9.64289e-008
-5.22624e-008
-2.47863e-008
-4.37979e-008
-1.09337e-007
-1.83267e-007
-2.16878e-007
-1.89553e-007
-1.20094e-007
-5.20443e-008
-2.41959e-008
-3.6628e-008
-4.8198e-008
-1.67383e-008
6.17609e-008
1.50176e-007
2.00906e-007
1.94794e-007
1.51653e-007
1.08173e-007
9.27408e-008
1.05208e-007
1.12587e-007
8.37722e-008
2.37579e-008
-4.06467e-008
-8.66445e-008
-9.33527e-008
-3.93281e-008
7.63454e-008
2.16534e-007
3.20326e-007
3.37911e-007
2.58233e-007
1.12284e-007
-4.35313e-008
-1.48944e-007
-1.64157e-007
-9.70765e-008
-6.71021e-009
4.30733e-008
4.15821e-008
3.15241e-008
5.41053e-008
1.11338e-007
1.76533e-007
2.21382e-007
2.30644e-007
1.9576e-007
1.09911e-007
-1.05939e-008
-1.13915e-007
-1.47861e-007
-1.0902e-007
-4.72598e-008
-2.05644e-008
-5.20812e-008
-1.24893e-007
-1.981e-007
-2.29921e-007
-2.10313e-007
-1.72066e-007
-1.51182e-007
-1.47891e-007
-1.45856e-007
-1.44612e-007
-1.50529e-007
-1.61836e-007
-1.77169e-007
-1.97953e-007
-2.115e-007
-1.80232e-007
-6.43047e-008
1.33736e-007
3.50011e-007
4.91058e-007
4.93949e-007
3.66365e-007
1.74422e-007
-2.07386e-009
-1.08376e-007
-1.30417e-007
-8.53726e-008
-4.33632e-009
7.52493e-008
1.17328e-007
1.02047e-007
3.54592e-008
-5.29146e-008
-1.15072e-007
-9.82602e-008
1.02986e-008
1.52222e-007
2.42523e-007
2.38763e-007
1.53819e-007
2.74656e-008
-9.37039e-008
-1.66448e-007
-1.68303e-007
-1.12067e-007
-3.54652e-008
2.83873e-008
6.33871e-008
5.41613e-008
-1.04244e-008
-9.9546e-008
-1.43804e-007
-1.02335e-007
-3.14913e-009
8.96119e-008
1.23215e-007
7.46575e-008
-4.20021e-008
-1.71751e-007
-2.4685e-007
-2.38212e-007
-1.71726e-007
-9.81332e-008
-5.55034e-008
-4.46655e-008
-3.36271e-008
3.54545e-009
5.99593e-008
1.12053e-007
1.4027e-007
1.32592e-007
9.40051e-008
5.40196e-008
4.66323e-008
8.12536e-008
1.38342e-007
1.82681e-007
1.77855e-007
1.13494e-007
2.6825e-008
-2.1195e-008
4.16031e-009
8.14417e-008
1.46549e-007
1.4371e-007
6.73043e-008
-4.12123e-008
-1.25718e-007
-1.50906e-007
-1.24237e-007
-8.77916e-008
-7.97015e-008
-9.81079e-008
-1.06421e-007
-7.51216e-008
-1.47407e-008
3.6135e-008
5.34465e-008
4.20354e-008
6.8679e-009
-5.86312e-008
-1.51027e-007
-2.48704e-007
-3.21064e-007
-3.38473e-007
-2.9126e-007
-2.04405e-007
-1.21121e-007
-6.8711e-008
-4.59314e-008
-3.98621e-008
-4.22912e-008
-4.94131e-008
-5.26761e-008
-3.31017e-008
2.04774e-008
8.52743e-008
1.22587e-007
1.2715e-007
1.39813e-007
2.02371e-007
3.03676e-007
3.79001e-007
3.62338e-007
2.34345e-007
2.99961e-008
-1.79819e-007
-3.1792e-007
-3.43558e-007
-2.75884e-007
-1.64471e-007
-4.59743e-008
6.20052e-008
1.43481e-007
1.80862e-007
1.67674e-007
1.13925e-007
3.96932e-008
-3.12263e-008
-8.05218e-008
-1.06975e-007
-1.24622e-007
-1.50051e-007
-1.86976e-007
-2.12116e-007
-1.87098e-007
-9.82224e-008
2.19097e-008
1.18456e-007
1.55418e-007
1.33672e-007
8.38832e-008
4.95896e-008
6.3553e-008
1.27475e-007
2.13072e-007
2.85677e-007
3.25532e-007
3.23751e-007
2.74288e-007
1.8593e-007
9.19871e-008
3.73465e-008
4.75744e-008
1.02059e-007
1.48753e-007
1.52183e-007
1.15717e-007
6.0594e-008
4.12488e-009
-3.63182e-008
-4.33482e-008
-2.14598e-008
-1.72359e-009
-1.66598e-008
-7.89516e-008
-1.7253e-007
-2.55601e-007
-2.90396e-007
-2.77563e-007
-2.48245e-007

   Record Number: 6
   Aqu. Duration: 9.99424 ms
     Onset Delay: 0 ms
      No. Points: 244
    No. Averages: 700
   No. Artifacts: 0
      Start Time: Thu Dec 17 14:29

    SigGen Index: 4
       Variables: 
                  Polarity = 1 
                  Level = 60 dB
-6.89744e-008
-1.94107e-007
-2.60844e-007
-2.73279e-007
-2.66327e-007
-2.67232e-007
-2.76019e-007
-2.72766e-007
-2.35978e-007
-1.60112e-007
-5.71341e-008
5.40006e-008
1.50034e-007
2.07997e-007
2.22039e-007
2.12242e-007
2.11631e-007
2.39814e-007
2.86452e-007
3.2153e-007
3.21095e-007
2.83834e-007
2.25838e-007
1.67642e-007
1.29579e-007
1.25476e-007
1.47405e-007
1.61462e-007
1.3452e-007
7.25367e-008
2.43772e-008
4.1537e-008
1.36663e-007
2.75564e-007
3.94978e-007
4.31766e-007
3.60396e-007
2.13335e-007
5.28448e-008
-7.91373e-008
-1.80311e-007
-2.70573e-007
-3.5928e-007
-4.23598e-007
-4.28528e-007
-3.76784e-007
-3.25032e-007
-3.31134e-007
-3.91755e-007
-4.50973e-007
-4.54765e-007
-3.784e-007
-2.31513e-007
-6.5832e-008
4.2352e-008
4.09319e-008
-6.75166e-008
-2.34277e-007
-3.867e-007
-4.58083e-007
-4.25453e-007
-3.19758e-007
-1.92047e-007
-7.54033e-008
2.30854e-008
1.08333e-007
1.82972e-007
2.39518e-007
2.60692e-007
2.3657e-007
1.81501e-007
1.18414e-007
4.98332e-008
-3.21016e-008
-1.07425e-007
-1.29955e-007
-7.89909e-008
9.8007e-009
7.93854e-008
1.03164e-007
8.87349e-008
5.25865e-008
1.48979e-008
3.84504e-009
4.32586e-008
1.36221e-007
2.60882e-007
3.78409e-007
4.5051e-007
4.61995e-007
4.32168e-007
3.94386e-007
3.59574e-007
3.10927e-007
2.38032e-007
1.60441e-007
1.05542e-007
7.60517e-008
5.25203e-008
1.9698e-008
-1.79647e-008
-4.27597e-008
-3.78152e-008
3.4614e-009
7.04939e-008
1.358e-007
1.69367e-007
1.53561e-007
8.60955e-008
-1.96859e-008
-1.35516e-007
-2.30138e-007
-2.88845e-007
-3.26836e-007
-3.77423e-007
-4.54069e-007
-5.30296e-007
-5.65259e-007
-5.39131e-007
-4.63088e-007
-3.63647e-007
-2.56476e-007
-1.41383e-007
-2.40967e-008
7.58496e-008
1.4006e-007
1.59269e-007
1.39128e-007
1.12769e-007
1.22419e-007
1.68233e-007
1.97425e-007
1.57516e-007
4.86759e-008
-7.23884e-008
-1.35671e-007
-1.14442e-007
-3.72326e-008
5.02547e-008
1.12763e-007
1.24775e-007
7.66293e-008
-9.56942e-009
-8.21197e-008
-9.15052e-008
-3.01083e-008
5.99494e-008
1.19699e-007
1.13238e-007
4.73067e-008
-3.64805e-008
-9.57559e-008
-1.17608e-007
-1.08068e-007
-6.53348e-008
1.26797e-008
1.07299e-007
1.91232e-007
2.50544e-007
2.7907e-007
2.66366e-007
2.09608e-007
1.29949e-007
6.03653e-008
1.69894e-008
-1.06775e-008
-3.92971e-008
-6.69726e-008
-8.01098e-008
-8.27198e-008
-1.03407e-007
-1.65657e-007
-2.53933e-007
-3.18326e-007
-3.18901e-007
-2.59929e-007
-1.76775e-007
-9.82839e-008
-3.22629e-008
2.34003e-008
7.18638e-008
1.07756e-007
1.12415e-007
7.9016e-008
3.51929e-008
2.12678e-008
5.10741e-008
9.69278e-008
1.1028e-007
6.14895e-008
-3.43137e-008
-1.24002e-007
-1.53716e-007
-1.11344e-007
-3.57795e-008
1.45709e-008
5.0135e-009
-5.37265e-008
-1.16924e-007
-1.35664e-007
-8.72452e-008
9.94843e-009
1.118e-007
1.80535e-007
2.02162e-007
1.77631e-007
1.07942e-007
1.38033e-009
-1.08291e-007
-1.69164e-007
-1.46551e-007
-5.246e-008
6.20026e-008
1.43734e-007
1.67908e-007
1.37746e-007
6.11608e-008
-5.60269e-008
-1.82424e-007
-2.55201e-007
-2.30975e-007
-1.25516e-007
9.10244e-009
1.24724e-007
1.93793e-007
2.11074e-007
1.92583e-007
1.75007e-007
1.98808e-007
2.64892e-007
3.15717e-007
2.84448e-007
1.56882e-007
-2.3211e-008
-1.8578e-007
-2.66446e-007
-2.38996e-007
-1.30527e-007
2.45244e-009
1.11883e-007
1.72326e-007
1.75321e-007
1.29687e-007
6.4766e-008

   Record Number: 7
   Aqu. Duration: 9.99424 ms
     Onset Delay: 0 ms
      No. Points: 244
    No. Averages: 700
   No. Artifacts: 0
      Start Time: Thu Dec 17 14:29

    SigGen Index: 4
       Variables: 
                  Polarity = 1 
                  Level = 60 dB
-1.17465e-007
-2.67407e-007
-3.42788e-007
-3.51691e-007
-3.35104e-007
-3.31366e-007
-3.45318e-007
-3.43098e-007
-2.83672e-007
-1.61053e-007
-1.21651e-008
1.08423e-007
1.57229e-007
1.2676e-007
5.50506e-008
4.02862e-009
1.98363e-008
9.98902e-008
1.93328e-007
2.41226e-007
2.18026e-007
1.38501e-007
3.59427e-008
-5.91769e-008
-1.22709e-007
-1.37076e-007
-1.05512e-007
-6.18489e-008
-4.59338e-008
-5.99077e-008
-5.88398e-008
5.51818e-009
1.35196e-007
2.79617e-007
3.69062e-007
3.60331e-007
2.68347e-007
1.55195e-007
7.77221e-008
4.70506e-008
3.38805e-008
-1.1512e-009
-6.95965e-008
-1.36112e-007
-1.53839e-007
-1.22676e-007
-9.66e-008
-1.2423e-007
-1.96047e-007
-2.63251e-007
-2.83514e-007
-2.35441e-007
-1.24681e-007
5.67321e-009
9.35128e-008
1.00677e-007
3.44183e-008
-6.50036e-008
-1.45106e-007
-1.64245e-007
-1.18137e-007
-4.19151e-008
2.46664e-008
7.14924e-008
1.15235e-007
1.69322e-007
2.24525e-007
2.55242e-007
2.37033e-007
1.65592e-007
6.65016e-008
-2.39897e-008
-9.42874e-008
-1.57604e-007
-2.12746e-007
-2.32416e-007
-2.02637e-007
-1.48768e-007
-1.06315e-007
-8.6732e-008
-8.55702e-008
-9.90187e-008
-1.17925e-007
-1.24176e-007
-9.93303e-008
-3.11146e-008
7.82836e-008
2.0104e-007
2.90264e-007
3.15735e-007
2.93638e-007
2.62161e-007
2.31615e-007
1.81832e-007
1.04967e-007
2.70683e-008
-1.92803e-008
-2.78651e-008
-1.56297e-008
5.39175e-010
1.39301e-008
2.39532e-008
3.29048e-008
4.49074e-008
6.17231e-008
7.74555e-008
7.88755e-008
5.20825e-008
-1.04715e-008
-1.02118e-007
-1.96554e-007
-2.5832e-007
-2.6973e-007
-2.51877e-007
-2.49947e-007
-2.87791e-007
-3.4219e-007
-3.66571e-007
-3.35738e-007
-2.65222e-007
-1.87641e-007
-1.17438e-007
-4.92918e-008
1.90673e-008
8.27815e-008
1.3952e-007
1.84224e-007
2.09486e-007
2.26303e-007
2.58925e-007
3.04586e-007
3.21818e-007
2.68363e-007
1.45281e-007
1.04346e-008
-5.74329e-008
-2.1553e-008
9.01304e-008
2.17522e-007
3.03422e-007
3.11563e-007
2.44084e-007
1.45087e-007
7.10739e-008
4.93343e-008
6.28342e-008
7.10835e-008
4.16729e-008
-3.32814e-008
-1.36304e-007
-2.34032e-007
-2.98223e-007
-3.22374e-007
-3.1282e-007
-2.70203e-007
-1.93432e-007
-9.34039e-008
1.18786e-008
1.05182e-007
1.65104e-007
1.71438e-007
1.29161e-007
7.32761e-008
3.71067e-008
2.41672e-008
1.39547e-008
-9.45538e-009
-3.65892e-008
-4.76478e-008
-4.43024e-008
-5.20832e-008
-9.04572e-008
-1.47494e-007
-1.90665e-007
-2.01444e-007
-1.88259e-007
-1.6437e-007
-1.25863e-007
-6.29245e-008
1.57922e-008
8.57554e-008
1.24099e-007
1.1987e-007
8.34502e-008
4.37656e-008
2.75208e-008
4.15828e-008
6.65595e-008
6.66755e-008
1.93652e-008
-5.73426e-008
-1.09993e-007
-9.4554e-008
-1.99641e-008
6.00722e-008
9.27658e-008
6.08219e-008
-9.74113e-009
-6.62928e-008
-6.42021e-008
1.90868e-009
9.40075e-008
1.61089e-007
1.7639e-007
1.42852e-007
7.06364e-008
-3.5533e-008
-1.62241e-007
-2.73353e-007
-3.24146e-007
-2.92631e-007
-1.97363e-007
-8.37738e-008
4.77903e-009
4.14267e-008
1.37376e-008
-7.77161e-008
-2.08622e-007
-3.21214e-007
-3.48195e-007
-2.61566e-007
-9.19459e-008
9.72291e-008
2.43856e-007
3.09499e-007
2.96005e-007
2.49937e-007
2.39446e-007
3.06429e-007
4.24753e-007
5.09352e-007
4.81909e-007
3.31052e-007
1.14957e-007
-7.61944e-008
-1.66874e-007
-1.3619e-007
-2.36567e-008
1.08477e-007
2.1365e-007
2.65126e-007
2.50382e-007
1.79097e-007
8.49269e-008

   Record Number: 8
   Aqu. Duration: 9.99424 ms
     Onset Delay: 0 ms
      No. Points: 244
    No. Averages: 700
   No. Artifacts: 0
      Start Time: Thu Dec 17 14:30

    SigGen Index: 5
       Variables: 
                  Polarity = 1 
                  Level = 50 dB
3.09387e-008
9.86395e-008
8.50119e-008
7.31996e-009
-8.00126e-008
-1.34864e-007
-1.43933e-007
-1.10777e-007
-3.59525e-008
8.62826e-008
2.43606e-007
3.89526e-007
4.65546e-007
4.4118e-007
3.35068e-007
2.01335e-007
9.49552e-008
4.0081e-008
2.23105e-008
1.06088e-008
-1.82566e-008
-7.03244e-008
-1.31947e-007
-1.78861e-007
-1.93954e-007
-1.72378e-007
-1.12047e-007
-1.23064e-008
1.08576e-007
2.03881e-007
2.20218e-007
1.35446e-007
-1.31809e-008
-1.37199e-007
-1.57154e-007
-7.11543e-008
4.76453e-008
1.26906e-007
1.50566e-007
1.4673e-007
1.53632e-007
1.90001e-007
2.37379e-007
2.58869e-007
2.30069e-007
1.49126e-007
4.08521e-008
-5.36556e-008
-1.14503e-007
-1.62705e-007
-2.33372e-007
-3.35644e-007
-4.37607e-007
-4.86357e-007
-4.52035e-007
-3.60478e-007
-2.74845e-007
-2.3765e-007
-2.35413e-007
-2.24214e-007
-1.85259e-007
-1.45589e-007
-1.38545e-007
-1.55231e-007
-1.57595e-007
-1.37577e-007
-1.33735e-007
-1.81702e-007
-2.63442e-007
-3.08461e-007
-2.48252e-007
-7.62235e-008
1.50781e-007
3.61129e-007
5.02942e-007
5.51876e-007
5.10496e-007
3.97062e-007
2.39949e-007
8.45233e-008
-2.18864e-008
-6.19225e-008
-5.24413e-008
-2.0437e-008
1.75384e-008
5.66548e-008
9.0899e-008
1.04462e-007
8.61021e-008
5.28098e-008
4.05857e-008
6.51415e-008
1.04237e-007
1.21092e-007
1.00173e-007
5.62378e-008
7.9452e-009
-4.36796e-008
-1.04988e-007
-1.74277e-007
-2.3893e-007
-2.754e-007
-2.59664e-007
-1.92855e-007
-1.11515e-007
-6.20763e-008
-6.35653e-008
-8.92119e-008
-8.12637e-008
2.75084e-009
1.49336e-007
2.97113e-007
3.82282e-007
3.76779e-007
2.96789e-007
1.87768e-007
1.02089e-007
7.59727e-008
1.08389e-007
1.65099e-007
2.16324e-007
2.5498e-007
2.65542e-007
2.10104e-007
7.10814e-008
-1.13448e-007
-2.70777e-007
-3.40622e-007
-3.06906e-007
-2.05876e-007
-1.09527e-007
-7.9934e-008
-1.20079e-007
-1.74483e-007
-1.87499e-007
-1.51517e-007
-9.25942e-008
-3.09689e-008
2.57186e-008
6.27903e-008
5.32068e-008
-1.3679e-008
-9.92328e-008
-1.40388e-007
-1.19829e-007
-8.03303e-008
-5.8801e-008
-4.52101e-008
-2.15038e-008
-8.22633e-010
-6.07684e-009
-3.36099e-008
-5.56592e-008
-4.98796e-008
-1.68472e-008
2.67352e-008
6.08386e-008
6.91948e-008
4.852e-008
1.20995e-008
-2.78004e-008
-7.47496e-008
-1.30435e-007
-1.73313e-007
-1.75805e-007
-1.35854e-007
-7.3926e-008
-8.22423e-009
5.04489e-008
9.21321e-008
1.12642e-007
1.17187e-007
1.08131e-007
7.45961e-008
1.11699e-008
-5.57499e-008
-8.9237e-008
-8.76794e-008
-7.45682e-008
-5.32138e-008
-1.65415e-008
1.13032e-008
-5.27514e-009
-5.65379e-008
-9.30554e-008
-8.61533e-008
-5.03034e-008
-1.45886e-008
-1.18065e-009
-1.67172e-008
-4.12301e-008
-3.66855e-008
2.51247e-008
1.40373e-007
2.66816e-007
3.47623e-007
3.52949e-007
2.93928e-007
2.04876e-007
1.20284e-007
6.15643e-008
3.75379e-008
4.46743e-008
6.08976e-008
5.23412e-008
-3.65289e-009
-1.01254e-007
-2.0777e-007
-2.77885e-007
-2.71275e-007
-1.74545e-007
-2.02235e-008
1.19044e-007
1.63311e-007
7.05014e-008
-1.25548e-007
-3.26057e-007
-4.36179e-007
-4.22836e-007
-3.12676e-007
-1.64347e-007
-4.43563e-008
7.00001e-009
1.61738e-009
-1.7834e-008
-2.21766e-008
-6.66677e-009
2.98092e-008
9.53338e-008
1.87878e-007
2.74962e-007
3.07161e-007
2.6463e-007
1.83729e-007
1.21399e-007
9.86786e-008
9.31874e-008
7.5379e-008
4.31987e-008
2.19131e-008
2.26683e-008
1.68487e-008
-3.15812e-008
-1.21002e-007

   Record Number: 9
   Aqu. Duration: 9.99424 ms
     Onset Delay: 0 ms
      No. Points: 244
    No. Averages: 700
   No. Artifacts: 0
      Start Time: Thu Dec 17 14:30

    SigGen Index: 5
       Variables: 
                  Polarity = 1 
                  Level = 50 dB
-8.60509e-008
-3.48661e-008
-5.58713e-008
-1.24974e-007
-1.903e-007
-2.16339e-007
-1.99126e-007
-1.48599e-007
-6.36595e-008
6.26752e-008
2.10736e-007
3.26339e-007
3.5846e-007
3.00756e-007
1.93305e-007
9.11843e-008
3.27607e-008
2.14886e-008
3.09324e-008
3.27402e-008
1.43453e-008
-2.34767e-008
-6.94188e-008
-1.05429e-007
-1.13498e-007
-7.76615e-008
1.24814e-008
1.46784e-007
2.82811e-007
3.5943e-007
3.28238e-007
1.84569e-007
-1.31035e-008
-1.61979e-007
-1.84084e-007
-9.05843e-008
3.26448e-008
1.04021e-007
9.88266e-008
4.33847e-008
-9.70953e-009
-1.53601e-008
3.24921e-008
1.04625e-007
1.58708e-007
1.59675e-007
1.05061e-007
2.59954e-008
-4.85924e-008
-1.14694e-007
-1.79373e-007
-2.42239e-007
-2.90213e-007
-2.99784e-007
-2.56127e-007
-1.79734e-007
-1.15061e-007
-8.36759e-008
-6.66799e-008
-3.96296e-008
-8.87258e-009
-4.19881e-009
-4.00222e-008
-9.22679e-008
-1.25286e-007
-1.39026e-007
-1.72002e-007
-2.54572e-007
-3.63556e-007
-4.24227e-007
-3.66609e-007
-1.8192e-007
7.84228e-008
3.38839e-007
5.26213e-007
5.93367e-007
5.36461e-007
3.86121e-007
1.93185e-007
2.05373e-008
-8.10327e-008
-1.00112e-007
-6.49023e-008
-1.71028e-008
2.02581e-008
5.20935e-008
8.7756e-008
1.16891e-007
1.20907e-007
1.03174e-007
8.66157e-008
8.17053e-008
7.61102e-008
5.62942e-008
2.5884e-008
-5.18287e-009
-4.23722e-008
-9.88747e-008
-1.69709e-007
-2.31508e-007
-2.62541e-007
-2.50911e-007
-1.94844e-007
-1.12853e-007
-4.68475e-008
-3.67685e-008
-8.78404e-008
-1.6146e-007
-1.94932e-007
-1.39015e-007
7.78708e-009
1.90799e-007
3.28221e-007
3.62807e-007
2.93799e-007
1.69356e-007
5.95418e-008
2.34211e-008
7.40989e-008
1.70442e-007
2.57211e-007
3.03873e-007
2.91318e-007
1.96146e-007
2.21578e-008
-1.72923e-007
-3.07069e-007
-3.26302e-007
-2.3032e-007
-7.06194e-008
6.73841e-008
1.09581e-007
5.02415e-008
-4.46993e-008
-1.06373e-007
-1.19459e-007
-1.01115e-007
-5.52642e-008
2.41002e-008
1.16578e-007
1.68522e-007
1.38299e-007
4.71687e-008
-3.68978e-008
-7.47197e-008
-8.86856e-008
-1.10329e-007
-1.33996e-007
-1.4573e-007
-1.60453e-007
-1.96746e-007
-2.35457e-007
-2.32689e-007
-1.70231e-007
-7.84589e-008
-9.72415e-009
2.81563e-009
-3.77128e-008
-9.98119e-008
-1.45005e-007
-1.60284e-007
-1.68293e-007
-1.87165e-007
-1.96871e-007
-1.6553e-007
-8.971e-008
5.79922e-009
9.27107e-008
1.54785e-007
1.88871e-007
1.96557e-007
1.7607e-007
1.25697e-007
5.39769e-008
-1.15365e-008
-3.07054e-008
1.31304e-008
8.80914e-008
1.49684e-007
1.88489e-007
2.14237e-007
2.14554e-007
1.69559e-007
9.55206e-008
3.49924e-008
7.40077e-009
-4.66884e-010
-5.52521e-009
-1.75851e-008
-4.30304e-008
-7.73322e-008
-9.95654e-008
-8.21493e-008
-1.46763e-008
7.52138e-008
1.39472e-007
1.52296e-007
1.21434e-007
6.77188e-008
1.00518e-008
-3.62103e-008
-5.72366e-008
-4.53371e-008
-1.13884e-008
1.30497e-008
-4.25069e-009
-7.25885e-008
-1.71129e-007
-2.53497e-007
-2.62773e-007
-1.65926e-007
1.02523e-008
1.80235e-007
2.46977e-007
1.6621e-007
-1.92394e-008
-2.1116e-007
-3.26532e-007
-3.35267e-007
-2.50605e-007
-1.1837e-007
-7.19167e-009
3.34166e-008
1.35843e-008
-1.73003e-008
-2.37918e-008
-6.45111e-010
4.90648e-008
1.25898e-007
2.16767e-007
2.7959e-007
2.66821e-007
1.73565e-007
5.39846e-008
-2.38117e-008
-3.71997e-008
-1.41477e-008
1.0124e-008
3.01583e-008
6.31059e-008
1.04742e-007
1.1199e-007
4.4766e-008
-8.45149e-008

   Record Number: 10
   Aqu. Duration: 9.99424 ms
     Onset Delay: 0 ms
      No. Points: 244
    No. Averages: 700
   No. Artifacts: 0
      Start Time: Thu Dec 17 14:31

    SigGen Index: 6
       Variables: 
                  Polarity = 1 
                  Level = 40 dB
1.74197e-007
2.13956e-007
1.94708e-007
1.80221e-007
2.07283e-007
2.54808e-007
2.69377e-007
2.219e-007
1.34908e-007
5.83901e-008
3.35426e-008
7.07634e-008
1.4076e-007
1.86801e-007
1.63057e-007
7.03748e-008
-5.02648e-008
-1.55173e-007
-2.16343e-007
-2.15514e-007
-1.45621e-007
-1.99485e-008
1.25543e-007
2.41687e-007
2.90349e-007
2.6141e-007
1.63896e-007
1.62267e-008
-1.47628e-007
-2.78228e-007
-3.32528e-007
-3.01164e-007
-2.14684e-007
-1.22853e-007
-6.73766e-008
-6.17825e-008
-7.8463e-008
-6.69451e-008
-1.16285e-008
4.31609e-008
4.77916e-008
5.29094e-009
-4.23106e-008
-6.56944e-008
-7.09474e-008
-7.77557e-008
-8.69828e-008
-8.09236e-008
-5.96899e-008
-5.73512e-008
-9.91156e-008
-1.58616e-007
-1.81677e-007
-1.36686e-007
-2.83888e-008
1.15936e-007
2.58237e-007
3.56495e-007
3.74313e-007
2.95254e-007
1.40215e-007
-2.23908e-008
-1.02099e-007
-5.0349e-008
9.95399e-008
2.64704e-007
3.7204e-007
3.87144e-007
3.15947e-007
1.93993e-007
7.28463e-008
-1.71239e-009
-2.96025e-008
-6.32736e-008
-1.46433e-007
-2.62919e-007
-3.58808e-007
-3.92097e-007
-3.59281e-007
-2.93138e-007
-2.3432e-007
-1.98886e-007
-1.73698e-007
-1.37475e-007
-8.31985e-008
-2.35627e-008
2.5599e-008
6.09213e-008
8.56925e-008
1.03226e-007
1.16223e-007
1.16503e-007
8.65969e-008
2.74166e-008
-2.88616e-008
-4.86923e-008
-3.25066e-008
-8.41615e-009
1.36246e-009
-6.55299e-009
-2.56353e-008
-4.0802e-008
-3.37377e-008
-5.56835e-009
1.87243e-008
1.9312e-008
2.57113e-009
-1.12931e-008
-7.32501e-009
1.91095e-008
5.81227e-008
8.7398e-008
9.02102e-008
6.44641e-008
2.06175e-008
-1.47321e-008
-7.20189e-009
5.73078e-008
1.56669e-007
2.48981e-007
2.97823e-007
2.83658e-007
2.15351e-007
1.39025e-007
1.13727e-007
1.61458e-007
2.41189e-007
2.80214e-007
2.36237e-007
1.28135e-007
9.13441e-009
-8.26204e-008
-1.42683e-007
-1.84809e-007
-2.2834e-007
-2.85402e-007
-3.35694e-007
-3.31973e-007
-2.56615e-007
-1.64351e-007
-1.4125e-007
-2.11861e-007
-3.06719e-007
-3.30617e-007
-2.48446e-007
-1.02143e-007
3.80506e-008
1.22151e-007
1.32923e-007
8.41912e-008
1.37256e-008
-4.17923e-008
-7.1571e-008
-8.70254e-008
-1.00617e-007
-1.15051e-007
-1.21874e-007
-1.05969e-007
-6.21461e-008
-4.4687e-009
4.55536e-008
7.05761e-008
6.09128e-008
2.06453e-008
-3.33967e-008
-8.50209e-008
-1.26491e-007
-1.51672e-007
-1.40254e-007
-6.04677e-008
8.60228e-008
2.32515e-007
2.93933e-007
2.38337e-007
9.82102e-008
-6.50707e-008
-1.89521e-007
-2.29531e-007
-1.74617e-007
-5.24364e-008
9.58191e-008
2.39902e-007
3.55622e-007
4.14686e-007
4.03896e-007
3.40736e-007
2.52367e-007
1.54895e-007
6.33313e-008
3.63413e-009
-9.49936e-009
-1.34913e-009
-1.75293e-008
-7.75028e-008
-1.57088e-007
-2.05569e-007
-1.82238e-007
-8.91457e-008
3.22204e-008
1.32836e-007
1.81521e-007
1.74816e-007
1.31754e-007
6.88539e-008
-1.53256e-008
-1.17024e-007
-2.06563e-007
-2.49606e-007
-2.36745e-007
-1.85796e-007
-1.22555e-007
-6.48621e-008
-2.61206e-008
-1.90457e-008
-4.56106e-008
-9.14561e-008
-1.32998e-007
-1.48539e-007
-1.20732e-007
-3.72098e-008
8.76144e-008
2.01244e-007
2.52607e-007
2.31688e-007
1.58935e-007
6.22483e-008
-2.71472e-008
-8.60759e-008
-1.18574e-007
-1.45391e-007
-1.72237e-007
-1.8295e-007
-1.60968e-007
-1.04612e-007
-2.7632e-008
4.28641e-008
7.80676e-008
6.51689e-008
1.00376e-008
-6.68882e-008
-1.31952e-007
-1.54395e-007
-1.3079e-007
-8.60663e-008

   Record Number: 11
   Aqu. Duration: 9.99424 ms
     Onset Delay: 0 ms
      No. Points: 244
    No. Averages: 700
   No. Artifacts: 0
      Start Time: Thu Dec 17 14:31

    SigGen Index: 6
       Variables: 
                  Polarity = 1 
                  Level = 40 dB
1.8462e-007
2.35785e-007
2.26803e-007
2.08578e-007
2.22223e-007
2.67669e-007
3.08302e-007
3.0798e-007
2.60757e-007
1.88684e-007
1.25032e-007
9.38172e-008
9.24571e-008
9.28798e-008
6.07627e-008
-1.82582e-008
-1.25922e-007
-2.27812e-007
-2.94708e-007
-3.0399e-007
-2.36958e-007
-9.18575e-008
9.33491e-008
2.44401e-007
2.9945e-007
2.48031e-007
1.1722e-007
-5.23729e-008
-2.09517e-007
-3.01882e-007
-3.03019e-007
-2.30365e-007
-1.34901e-007
-6.81826e-008
-5.15151e-008
-6.59366e-008
-6.12398e-008
7.49858e-009
1.24438e-007
2.10279e-007
1.99909e-007
1.07581e-007
1.93723e-009
-6.57883e-008
-9.50462e-008
-1.11622e-007
-1.31017e-007
-1.49739e-007
-1.6293e-007
-1.77068e-007
-1.96811e-007
-2.08939e-007
-1.92043e-007
-1.35481e-007
-4.53147e-008
5.91854e-008
1.53538e-007
2.14852e-007
2.24603e-007
1.75504e-007
8.431e-008
-4.13229e-009
-3.7959e-008
3.56325e-009
9.11793e-008
1.70341e-007
2.01808e-007
1.77471e-007
1.1192e-007
3.29189e-008
-2.24876e-008
-2.83645e-008
-3.3116e-009
1.25829e-009
-4.08322e-008
-1.06629e-007
-1.57228e-007
-1.73887e-007
-1.64322e-007
-1.464e-007
-1.27731e-007
-1.00247e-007
-5.04141e-008
2.87292e-008
1.24926e-007
2.02528e-007
2.28036e-007
2.01367e-007
1.52088e-007
1.11805e-007
8.72872e-008
5.35459e-008
-1.31559e-008
-9.65754e-008
-1.52046e-007
-1.52001e-007
-1.07919e-007
-5.43483e-008
-2.05483e-008
-1.27978e-008
-1.58397e-008
-1.02844e-008
7.65179e-009
2.42805e-008
2.62155e-008
1.27632e-008
-8.63564e-009
-2.78928e-008
-2.97551e-008
3.38521e-010
5.49267e-008
1.01515e-007
1.09979e-007
7.12003e-008
-1.48595e-009
-6.97693e-008
-8.37583e-008
-2.25392e-008
8.06999e-008
1.67181e-007
1.9742e-007
1.62675e-007
8.18531e-008
3.48872e-009
-1.5156e-008
4.30382e-008
1.25867e-007
1.50163e-007
8.03936e-008
-4.20234e-008
-1.47016e-007
-1.95669e-007
-1.95259e-007
-1.81091e-007
-1.92307e-007
-2.41919e-007
-2.94603e-007
-2.90254e-007
-2.07328e-007
-9.98072e-008
-5.42489e-008
-1.00634e-007
-1.7785e-007
-1.94548e-007
-1.14222e-007
2.14237e-008
1.41446e-007
2.04158e-007
2.09585e-007
1.78952e-007
1.3533e-007
9.15701e-008
4.87132e-008
1.02261e-008
-1.06626e-008
-6.25758e-009
1.67372e-008
4.6371e-008
7.15881e-008
8.5798e-008
8.94473e-008
8.28287e-008
6.31893e-008
3.2936e-008
-7.86868e-010
-3.46107e-008
-6.78897e-008
-9.53158e-008
-1.01932e-007
-6.96602e-008
-2.71019e-009
6.06121e-008
7.65366e-008
2.92539e-008
-6.57869e-008
-1.76958e-007
-2.6658e-007
-2.9967e-007
-2.63164e-007
-1.72591e-007
-4.96504e-008
9.35308e-008
2.38034e-007
3.48121e-007
3.96261e-007
3.82397e-007
3.21525e-007
2.30882e-007
1.34042e-007
6.12523e-008
2.65363e-008
7.70743e-009
-2.96992e-008
-9.16211e-008
-1.527e-007
-1.83007e-007
-1.68197e-007
-1.15858e-007
-4.96918e-008
4.23493e-009
2.85393e-008
2.16816e-008
-2.17521e-009
-2.90829e-008
-5.92248e-008
-9.31214e-008
-1.13977e-007
-1.03054e-007
-6.6229e-008
-3.11987e-008
-1.91386e-008
-2.68821e-008
-3.99311e-008
-5.29706e-008
-6.94993e-008
-8.8242e-008
-9.90697e-008
-9.32123e-008
-6.55141e-008
-9.13922e-009
6.70206e-008
1.28984e-007
1.51561e-007
1.36008e-007
8.64245e-008
7.87435e-009
-7.17349e-008
-1.14213e-007
-1.09964e-007
-8.46254e-008
-6.41184e-008
-4.8492e-008
-2.39967e-008
1.41575e-008
5.30181e-008
6.85112e-008
4.72597e-008
7.35182e-010
-4.90183e-008
-8.69862e-008
-1.04421e-007
-9.42849e-008
-5.48922e-008
3.01361e-009

