ABR Group Header  ==================================
    Group Number: 0
         Records: 12
  SigGen File #1: C:\ABRs\Stimulus\ClickRX8_Left.sig
  SigGen File #2: 
      Subject ID: 1903
    Reference #1: clickleft
    Reference #2: pNOE2
            Memo: 
      Start Time: Mon Dec 14 14:35
        End Time: Mon Dec 14 14:39
----------------------------------------------------

   Record Number: 0
   Aqu. Duration: 9.99424 ms
     Onset Delay: 0 ms
      No. Points: 244
    No. Averages: 700
   No. Artifacts: 0
      Start Time: Mon Dec 14 14:35

    SigGen Index: 1
       Variables: 
                  Polarity = 1 
                  Level = 90 dB
3.40135e-008
3.44844e-008
2.60894e-008
1.18873e-008
-8.89304e-010
-6.58262e-009
-6.65478e-009
-7.85624e-009
-1.51102e-008
-2.7579e-008
-4.01164e-008
-4.66298e-008
-4.25332e-008
-2.71587e-008
-6.06917e-009
1.2037e-008
2.27316e-008
2.713e-008
2.67887e-008
2.22581e-008
1.48482e-008
5.00102e-009
-8.86793e-009
-2.8195e-008
-5.30692e-008
-7.98771e-008
-9.85139e-008
-9.75606e-008
-7.58733e-008
-4.77576e-008
-3.24009e-008
-3.96365e-008
-7.12321e-008
-1.26761e-007
-1.98091e-007
-2.67192e-007
-3.17976e-007
-3.46282e-007
-3.55591e-007
-3.46979e-007
-3.1542e-007
-2.52273e-007
-1.50267e-007
-1.13166e-008
1.47999e-007
3.02356e-007
4.31496e-007
5.28166e-007
5.94906e-007
6.35285e-007
6.46716e-007
6.21902e-007
5.58295e-007
4.62098e-007
3.41919e-007
2.0445e-007
5.89885e-008
-7.81147e-008
-1.89117e-007
-2.64742e-007
-3.03656e-007
-3.06446e-007
-2.78427e-007
-2.32679e-007
-1.82982e-007
-1.38265e-007
-1.02642e-007
-7.34703e-008
-4.31276e-008
-6.24995e-009
3.91626e-008
9.52235e-008
1.61562e-007
2.29802e-007
2.86839e-007
3.24783e-007
3.43066e-007
3.42688e-007
3.24861e-007
2.93503e-007
2.54199e-007
2.09215e-007
1.53786e-007
8.04432e-008
-1.17242e-008
-1.13664e-007
-2.1138e-007
-2.94154e-007
-3.59981e-007
-4.15197e-007
-4.67727e-007
-5.16418e-007
-5.47014e-007
-5.43067e-007
-5.0228e-007
-4.39755e-007
-3.75812e-007
-3.22911e-007
-2.81307e-007
-2.45308e-007
-2.14012e-007
-1.9309e-007
-1.87508e-007
-1.95193e-007
-2.0465e-007
-1.99771e-007
-1.73426e-007
-1.36553e-007
-1.077e-007
-9.35992e-008
-8.49495e-008
-6.80275e-008
-3.66333e-008
4.03568e-009
4.3927e-008
7.80665e-008
1.09457e-007
1.45001e-007
1.88836e-007
2.3858e-007
2.89319e-007
3.3839e-007
3.81955e-007
4.11302e-007
4.20323e-007
4.14837e-007
4.07876e-007
4.08145e-007
4.16519e-007
4.27243e-007
4.29942e-007
4.15877e-007
3.83398e-007
3.37706e-007
2.89661e-007
2.51754e-007
2.25451e-007
1.9487e-007
1.42759e-007
7.04694e-008
-2.46868e-009
-5.51491e-008
-8.10081e-008
-9.06319e-008
-1.00268e-007
-1.1646e-007
-1.32311e-007
-1.39308e-007
-1.39025e-007
-1.39965e-007
-1.46679e-007
-1.55783e-007
-1.61191e-007
-1.61722e-007
-1.62239e-007
-1.6684e-007
-1.73999e-007
-1.79373e-007
-1.8015e-007
-1.75919e-007
-1.68376e-007
-1.61846e-007
-1.61067e-007
-1.63893e-007
-1.58363e-007
-1.34871e-007
-1.00285e-007
-7.18803e-008
-5.99517e-008
-6.24629e-008
-7.07227e-008
-7.62792e-008
-7.6709e-008
-7.40942e-008
-6.72706e-008
-5.15621e-008
-2.70838e-008
-9.36712e-010
2.03507e-008
3.51176e-008
4.38746e-008
4.94188e-008
5.79773e-008
7.28133e-008
8.77564e-008
9.19811e-008
8.12531e-008
6.40301e-008
5.7031e-008
7.10158e-008
9.73919e-008
1.12749e-007
1.00394e-007
6.61066e-008
3.32466e-008
2.30266e-008
3.72347e-008
5.95522e-008
7.13755e-008
6.35871e-008
3.80701e-008
4.63508e-009
-2.30844e-008
-3.28484e-008
-2.05395e-008
5.22246e-009
2.82541e-008
3.85399e-008
3.95679e-008
4.1933e-008
5.19228e-008
6.48974e-008
6.78361e-008
4.9893e-008
1.33317e-008
-2.72952e-008
-5.89844e-008
-7.81407e-008
-8.42706e-008
-7.60933e-008
-5.57466e-008
-3.10485e-008
-1.26039e-008
-7.06123e-009
-1.14831e-008
-1.67233e-008
-1.73877e-008
-1.58489e-008
-1.55509e-008
-1.47291e-008
-1.00871e-008
-3.78461e-009
-1.00277e-009
-8.0404e-010
3.29455e-009
1.35105e-008
2.47659e-008
2.97039e-008
2.3435e-008
7.51607e-009
-9.15758e-009
-1.82305e-008
-1.97443e-008
-1.88534e-008

   Record Number: 1
   Aqu. Duration: 9.99424 ms
     Onset Delay: 0 ms
      No. Points: 244
    No. Averages: 700
   No. Artifacts: 0
      Start Time: Mon Dec 14 14:35

    SigGen Index: 1
       Variables: 
                  Polarity = 1 
                  Level = 90 dB
1.73227e-007
1.54689e-007
1.35207e-007
1.11366e-007
8.32215e-008
5.32951e-008
2.44029e-008
-2.34899e-009
-2.93676e-008
-5.84628e-008
-8.52593e-008
-1.03368e-007
-1.12877e-007
-1.17851e-007
-1.18096e-007
-1.11921e-007
-1.04096e-007
-1.02834e-007
-1.09742e-007
-1.17328e-007
-1.1616e-007
-1.01827e-007
-7.66379e-008
-4.844e-008
-2.52754e-008
-9.1725e-009
1.28638e-009
5.38285e-009
1.56442e-009
-9.14448e-009
-2.15757e-008
-2.75537e-008
-2.1617e-008
-6.57443e-009
7.22635e-009
9.39599e-009
-3.10931e-009
-2.60741e-008
-5.30067e-008
-7.94415e-008
-1.05085e-007
-1.31713e-007
-1.55894e-007
-1.66181e-007
-1.53183e-007
-1.18631e-007
-7.08249e-008
-1.79789e-008
3.25641e-008
7.56545e-008
1.11014e-007
1.4187e-007
1.70816e-007
1.97985e-007
2.20128e-007
2.29824e-007
2.21862e-007
2.0307e-007
1.88287e-007
1.84445e-007
1.85388e-007
1.81589e-007
1.65529e-007
1.27783e-007
6.09561e-008
-2.8704e-008
-1.20759e-007
-1.91286e-007
-2.25521e-007
-2.267e-007
-2.09528e-007
-1.81965e-007
-1.3913e-007
-7.57166e-008
2.87488e-009
8.34877e-008
1.53137e-007
2.03548e-007
2.33495e-007
2.46521e-007
2.43537e-007
2.20054e-007
1.71101e-007
9.56268e-008
-6.16027e-010
-1.02844e-007
-1.91877e-007
-2.51816e-007
-2.72707e-007
-2.53563e-007
-2.06586e-007
-1.5259e-007
-1.08368e-007
-7.8733e-008
-5.76132e-008
-3.04328e-008
2.00371e-008
9.72173e-008
1.79086e-007
2.30401e-007
2.29665e-007
1.83624e-007
1.16775e-007
4.99637e-008
-1.09338e-008
-6.81891e-008
-1.2119e-007
-1.6892e-007
-2.15994e-007
-2.6682e-007
-3.1741e-007
-3.5534e-007
-3.65364e-007
-3.37978e-007
-2.77611e-007
-2.03456e-007
-1.36291e-007
-7.85914e-008
-1.2638e-008
7.70478e-008
1.86558e-007
2.98841e-007
3.96124e-007
4.65184e-007
5.01944e-007
5.16377e-007
5.24673e-007
5.29188e-007
5.13388e-007
4.64008e-007
3.90817e-007
3.1715e-007
2.55547e-007
1.97025e-007
1.2264e-007
2.38979e-008
-9.00214e-008
-2.0397e-007
-3.06939e-007
-3.88504e-007
-4.35583e-007
-4.39655e-007
-4.07943e-007
-3.63614e-007
-3.27904e-007
-3.03482e-007
-2.79446e-007
-2.47798e-007
-2.11569e-007
-1.80506e-007
-1.61427e-007
-1.53798e-007
-1.53317e-007
-1.53491e-007
-1.44756e-007
-1.20967e-007
-8.56325e-008
-4.69624e-008
-1.03039e-008
2.21797e-008
4.61092e-008
5.27416e-008
3.55823e-008
-1.95624e-009
-4.46243e-008
-7.05956e-008
-6.60452e-008
-3.58195e-008
3.9726e-009
3.9281e-008
6.54797e-008
8.90113e-008
1.18847e-007
1.5382e-007
1.8272e-007
1.95442e-007
1.89998e-007
1.72084e-007
1.50687e-007
1.31624e-007
1.1589e-007
1.04622e-007
1.00862e-007
1.05866e-007
1.17837e-007
1.33292e-007
1.46148e-007
1.49222e-007
1.42949e-007
1.36396e-007
1.31343e-007
1.14573e-007
7.331e-008
8.84031e-009
-6.7861e-008
-1.43433e-007
-2.02706e-007
-2.33138e-007
-2.34859e-007
-2.18928e-007
-1.93614e-007
-1.61854e-007
-1.30887e-007
-1.12162e-007
-1.1023e-007
-1.18833e-007
-1.2639e-007
-1.19662e-007
-8.80608e-008
-3.28538e-008
3.11735e-008
8.76171e-008
1.28203e-007
1.50494e-007
1.54311e-007
1.41782e-007
1.15801e-007
8.11882e-008
4.77389e-008
2.47652e-008
1.47169e-008
1.75444e-008
3.26375e-008
5.12893e-008
5.90832e-008
4.96395e-008
2.71543e-008
-1.79033e-009
-2.84118e-008
-3.84431e-008
-2.31284e-008
6.98458e-009
2.95912e-008
2.97535e-008
6.89221e-009
-2.89309e-008
-5.94615e-008
-6.4589e-008
-3.80951e-008
5.79788e-009
4.54006e-008
6.65747e-008
6.99161e-008
7.10107e-008

   Record Number: 2
   Aqu. Duration: 9.99424 ms
     Onset Delay: 0 ms
      No. Points: 244
    No. Averages: 700
   No. Artifacts: 0
      Start Time: Mon Dec 14 14:36

    SigGen Index: 2
       Variables: 
                  Polarity = 1 
                  Level = 80 dB
-8.60891e-010
-1.2488e-008
-2.01826e-008
-2.04241e-008
-1.30349e-008
-1.29315e-009
1.40677e-008
3.29921e-008
5.00024e-008
5.91505e-008
6.27383e-008
6.44156e-008
5.75891e-008
3.47435e-008
5.02479e-009
-1.10021e-008
-3.49057e-009
1.7867e-008
3.51795e-008
3.52788e-008
1.35076e-008
-2.67678e-008
-7.51248e-008
-1.1652e-007
-1.38012e-007
-1.38583e-007
-1.30639e-007
-1.28232e-007
-1.3613e-007
-1.49382e-007
-1.56883e-007
-1.4914e-007
-1.3066e-007
-1.17623e-007
-1.20453e-007
-1.40789e-007
-1.79262e-007
-2.28744e-007
-2.67011e-007
-2.68244e-007
-2.20118e-007
-1.30407e-007
-1.86419e-008
9.93334e-008
2.16122e-007
3.26629e-007
4.24525e-007
5.02788e-007
5.56057e-007
5.82232e-007
5.77848e-007
5.35522e-007
4.54553e-007
3.51727e-007
2.52162e-007
1.67401e-007
8.79097e-008
-8.11297e-010
-9.91348e-008
-1.9211e-007
-2.621e-007
-2.98463e-007
-2.98137e-007
-2.63892e-007
-2.04635e-007
-1.35601e-007
-7.6234e-008
-4.19971e-008
-3.23768e-008
-3.07476e-008
-2.11104e-008
-1.03956e-009
2.41184e-008
5.23254e-008
8.36164e-008
1.11748e-007
1.27448e-007
1.31678e-007
1.35745e-007
1.46043e-007
1.56853e-007
1.58479e-007
1.46051e-007
1.20335e-007
8.42585e-008
4.03883e-008
-1.01241e-008
-6.81594e-008
-1.34838e-007
-2.07922e-007
-2.78937e-007
-3.33835e-007
-3.62039e-007
-3.65568e-007
-3.54863e-007
-3.40286e-007
-3.28508e-007
-3.17369e-007
-2.96726e-007
-2.62894e-007
-2.26697e-007
-2.0182e-007
-1.89859e-007
-1.80322e-007
-1.63629e-007
-1.42497e-007
-1.29512e-007
-1.31757e-007
-1.41583e-007
-1.46433e-007
-1.41276e-007
-1.28291e-007
-1.108e-007
-9.14324e-008
-7.40161e-008
-6.08922e-008
-4.68976e-008
-2.16735e-008
2.13962e-008
8.04074e-008
1.46129e-007
2.0816e-007
2.63334e-007
3.15724e-007
3.66098e-007
4.06385e-007
4.27668e-007
4.29361e-007
4.19423e-007
4.08783e-007
4.03634e-007
4.01142e-007
3.93524e-007
3.76049e-007
3.51878e-007
3.28209e-007
3.0799e-007
2.89346e-007
2.6867e-007
2.39312e-007
1.95256e-007
1.39561e-007
8.31224e-008
3.66894e-008
5.88921e-009
-1.19265e-008
-2.49769e-008
-3.71418e-008
-4.65313e-008
-5.49489e-008
-6.98206e-008
-9.5586e-008
-1.2787e-007
-1.55578e-007
-1.68125e-007
-1.62974e-007
-1.47502e-007
-1.33539e-007
-1.29524e-007
-1.3653e-007
-1.50364e-007
-1.67036e-007
-1.84734e-007
-2.01289e-007
-2.15013e-007
-2.26848e-007
-2.36263e-007
-2.39383e-007
-2.3623e-007
-2.34211e-007
-2.4055e-007
-2.52617e-007
-2.55251e-007
-2.31446e-007
-1.80254e-007
-1.20322e-007
-7.44906e-008
-5.42259e-008
-5.50799e-008
-6.20804e-008
-6.0088e-008
-3.99065e-008
-8.8195e-012
5.03154e-008
9.432e-008
1.2054e-007
1.2927e-007
1.27513e-007
1.22667e-007
1.19293e-007
1.17506e-007
1.14512e-007
1.08743e-007
1.02445e-007
1.02408e-007
1.15991e-007
1.40698e-007
1.61942e-007
1.65824e-007
1.50095e-007
1.24063e-007
1.01494e-007
8.93158e-008
8.1351e-008
6.635e-008
4.09907e-008
1.24765e-008
-9.7202e-009
-2.33358e-008
-3.41688e-008
-4.59372e-008
-5.21238e-008
-4.38039e-008
-2.28182e-008
-2.48145e-010
1.35267e-008
1.14832e-008
-1.07694e-008
-5.16774e-008
-9.91771e-008
-1.32558e-007
-1.35719e-007
-1.10751e-007
-7.49387e-008
-4.62857e-008
-3.42881e-008
-3.61706e-008
-3.6704e-008
-2.0483e-008
1.27965e-008
4.96811e-008
7.46961e-008
7.96278e-008
6.81424e-008
4.9998e-008
3.06465e-008
1.28659e-008
1.11152e-009
-4.40786e-009
-7.51086e-009
-6.82542e-009
1.84131e-009
1.59963e-008
2.85469e-008

   Record Number: 3
   Aqu. Duration: 9.99424 ms
     Onset Delay: 0 ms
      No. Points: 244
    No. Averages: 700
   No. Artifacts: 0
      Start Time: Mon Dec 14 14:36

    SigGen Index: 2
       Variables: 
                  Polarity = 1 
                  Level = 80 dB
-7.51457e-008
-8.53052e-008
-1.02436e-007
-1.17164e-007
-1.17613e-007
-1.01012e-007
-6.98124e-008
-2.80998e-008
1.31362e-008
3.95615e-008
4.80349e-008
5.31099e-008
7.15343e-008
1.00174e-007
1.19037e-007
1.14834e-007
9.17975e-008
6.21793e-008
3.51452e-008
1.55714e-008
7.90087e-009
1.79476e-008
4.86284e-008
9.17767e-008
1.28807e-007
1.43281e-007
1.30998e-007
9.95774e-008
6.04819e-008
1.97546e-008
-2.11863e-008
-5.52895e-008
-7.12439e-008
-6.84538e-008
-5.92386e-008
-5.427e-008
-5.54043e-008
-6.4478e-008
-9.13022e-008
-1.44075e-007
-2.13512e-007
-2.78227e-007
-3.24485e-007
-3.49614e-007
-3.53173e-007
-3.38659e-007
-3.16998e-007
-2.97141e-007
-2.77574e-007
-2.48026e-007
-1.95374e-007
-1.16853e-007
-2.95107e-008
4.42291e-008
9.50921e-008
1.25078e-007
1.38711e-007
1.4093e-007
1.38513e-007
1.38816e-007
1.42129e-007
1.38869e-007
1.22845e-007
1.03417e-007
9.52735e-008
9.92807e-008
1.01248e-007
8.87883e-008
6.49013e-008
4.4323e-008
4.09443e-008
5.99271e-008
9.43518e-008
1.29128e-007
1.55735e-007
1.78758e-007
2.0415e-007
2.30097e-007
2.51605e-007
2.66369e-007
2.72144e-007
2.61005e-007
2.22342e-007
1.53732e-007
6.62929e-008
-2.19896e-008
-9.856e-008
-1.60503e-007
-2.09562e-007
-2.49046e-007
-2.79662e-007
-2.946e-007
-2.8581e-007
-2.51548e-007
-1.92973e-007
-1.12971e-007
-2.30788e-008
5.56022e-008
1.03975e-007
1.17947e-007
1.11219e-007
1.05038e-007
1.10633e-007
1.22183e-007
1.27914e-007
1.2038e-007
9.47068e-008
4.64123e-008
-2.36408e-008
-1.01854e-007
-1.6262e-007
-1.84061e-007
-1.64785e-007
-1.2231e-007
-7.80207e-008
-4.66439e-008
-3.32784e-008
-3.07508e-008
-2.27973e-008
3.64133e-009
5.16011e-008
1.16108e-007
1.86219e-007
2.48498e-007
2.9169e-007
3.08781e-007
2.99101e-007
2.68598e-007
2.23581e-007
1.65694e-007
9.66317e-008
2.58314e-008
-3.11507e-008
-6.5288e-008
-8.31716e-008
-9.93413e-008
-1.23378e-007
-1.57628e-007
-1.98867e-007
-2.3791e-007
-2.63429e-007
-2.67184e-007
-2.47404e-007
-2.13034e-007
-1.81299e-007
-1.64238e-007
-1.57967e-007
-1.46604e-007
-1.15224e-007
-5.89884e-008
1.56144e-008
9.33285e-008
1.54168e-007
1.80847e-007
1.68652e-007
1.28244e-007
7.76828e-008
3.28227e-008
2.81737e-009
-8.72945e-009
-1.84079e-009
1.75699e-008
3.8883e-008
5.35741e-008
5.4726e-008
3.48874e-008
-3.03694e-009
-3.94525e-008
-5.50307e-008
-4.96844e-008
-3.94444e-008
-4.00445e-008
-5.60479e-008
-8.0405e-008
-9.98218e-008
-1.03457e-007
-9.20438e-008
-7.69464e-008
-6.75544e-008
-6.22992e-008
-5.36078e-008
-3.92338e-008
-2.4456e-008
-1.5327e-008
-1.43746e-008
-1.69082e-008
-1.12476e-008
7.80542e-009
3.111e-008
4.81539e-008
5.71266e-008
5.94631e-008
5.70419e-008
5.42505e-008
5.57476e-008
6.4657e-008
8.09889e-008
9.91589e-008
1.11909e-007
1.16051e-007
1.12862e-007
1.0537e-007
9.39967e-008
7.77956e-008
6.2428e-008
5.85923e-008
7.04838e-008
8.89217e-008
9.47078e-008
7.42306e-008
3.49044e-008
-7.16942e-010
-1.72148e-008
-1.84981e-008
-1.67097e-008
-1.67491e-008
-1.77747e-008
-2.1083e-008
-2.90441e-008
-4.18428e-008
-5.84338e-008
-7.69149e-008
-9.41467e-008
-1.07353e-007
-1.13705e-007
-1.08968e-007
-9.11772e-008
-6.27403e-008
-2.68831e-008
1.31383e-008
5.26819e-008
8.6192e-008
1.06753e-007
1.08245e-007
9.24788e-008
7.02289e-008
5.08275e-008
3.37633e-008
1.31842e-008
-1.13824e-008
-3.04929e-008
-3.192e-008
-1.26847e-008
1.79327e-008

   Record Number: 4
   Aqu. Duration: 9.99424 ms
     Onset Delay: 0 ms
      No. Points: 244
    No. Averages: 700
   No. Artifacts: 0
      Start Time: Mon Dec 14 14:37

    SigGen Index: 3
       Variables: 
                  Polarity = 1 
                  Level = 70 dB
-1.2234e-008
2.8021e-009
1.65053e-008
2.43413e-008
2.85137e-008
3.53506e-008
4.69733e-008
5.67454e-008
5.66595e-008
4.59272e-008
2.94201e-008
1.16447e-008
-5.61944e-009
-2.15445e-008
-3.26156e-008
-3.34741e-008
-2.46823e-008
-1.42359e-008
-6.21001e-009
4.83501e-009
2.31222e-008
4.32344e-008
5.58952e-008
5.68899e-008
4.90764e-008
3.81122e-008
2.86684e-008
2.41216e-008
2.55364e-008
2.99214e-008
3.11247e-008
2.47064e-008
1.37815e-008
7.31528e-009
1.03789e-008
1.59404e-008
7.05472e-009
-2.85189e-008
-8.52893e-008
-1.44343e-007
-1.87691e-007
-2.0546e-007
-1.94104e-007
-1.5578e-007
-1.0029e-007
-4.01118e-008
1.98174e-008
8.31644e-008
1.51619e-007
2.15216e-007
2.54432e-007
2.54409e-007
2.18326e-007
1.6324e-007
1.02615e-007
4.02008e-008
-2.07606e-008
-7.46656e-008
-1.19241e-007
-1.55573e-007
-1.83543e-007
-1.99516e-007
-1.98528e-007
-1.79958e-007
-1.49729e-007
-1.16284e-007
-8.59616e-008
-6.08367e-008
-3.93627e-008
-1.97293e-008
-1.63538e-009
1.55559e-008
3.45344e-008
5.89944e-008
8.96009e-008
1.20956e-007
1.45344e-007
1.59566e-007
1.66188e-007
1.67644e-007
1.61257e-007
1.45064e-007
1.27146e-007
1.21472e-007
1.32808e-007
1.49747e-007
1.55379e-007
1.42279e-007
1.14916e-007
8.24292e-008
5.1507e-008
2.15466e-008
-1.58575e-008
-6.93688e-008
-1.36491e-007
-2.00353e-007
-2.39233e-007
-2.41134e-007
-2.12586e-007
-1.7322e-007
-1.41082e-007
-1.24594e-007
-1.23416e-007
-1.31434e-007
-1.41492e-007
-1.48411e-007
-1.48302e-007
-1.4111e-007
-1.33943e-007
-1.35533e-007
-1.47129e-007
-1.61418e-007
-1.67689e-007
-1.5693e-007
-1.27058e-007
-8.57003e-008
-4.54257e-008
-1.41367e-008
1.12457e-008
4.0961e-008
8.10571e-008
1.26889e-007
1.66781e-007
1.90232e-007
1.9507e-007
1.87882e-007
1.77177e-007
1.68274e-007
1.64342e-007
1.67991e-007
1.78416e-007
1.88167e-007
1.87048e-007
1.70478e-007
1.42851e-007
1.13422e-007
8.88233e-008
6.95539e-008
5.35273e-008
3.85731e-008
2.17776e-008
2.37683e-009
-1.5159e-008
-2.34664e-008
-1.75311e-008
-4.39551e-011
1.82951e-008
2.68775e-008
2.29809e-008
1.26095e-008
5.83924e-009
7.22506e-009
9.43461e-009
1.9625e-009
-1.44507e-008
-2.93075e-008
-3.69753e-008
-4.19367e-008
-4.8899e-008
-5.35295e-008
-4.76222e-008
-3.24439e-008
-2.2365e-008
-3.40923e-008
-7.11503e-008
-1.16572e-007
-1.44271e-007
-1.41258e-007
-1.16731e-007
-8.97587e-008
-7.20186e-008
-6.3194e-008
-5.90473e-008
-5.75647e-008
-5.72201e-008
-5.62217e-008
-5.43763e-008
-5.41132e-008
-6.08453e-008
-7.72657e-008
-9.44812e-008
-9.60725e-008
-7.34324e-008
-3.24243e-008
1.34824e-008
5.05304e-008
6.75537e-008
6.03712e-008
3.60669e-008
9.65004e-009
-5.68122e-009
-5.93727e-009
3.95612e-009
1.61227e-008
2.45817e-008
2.48577e-008
1.33618e-008
-9.1136e-009
-3.50456e-008
-5.21139e-008
-4.75119e-008
-1.66055e-008
2.92748e-008
6.87673e-008
8.59846e-008
7.89647e-008
5.70002e-008
3.41451e-008
2.1909e-008
2.2432e-008
2.94792e-008
3.70266e-008
4.39851e-008
5.11528e-008
5.79107e-008
6.23111e-008
6.10683e-008
5.15065e-008
3.6595e-008
2.3659e-008
1.6289e-008
1.19058e-008
6.84626e-009
9.54455e-010
-1.79087e-009
2.2074e-009
1.06037e-008
1.68814e-008
1.63501e-008
7.85433e-009
-7.88634e-009
-2.87765e-008
-5.00355e-008
-6.40813e-008
-6.43425e-008
-4.96651e-008
-2.48156e-008
4.183e-011
1.16033e-008
3.26602e-009
-1.68875e-008
-3.2242e-008
-3.15625e-008
-1.77126e-008

   Record Number: 5
   Aqu. Duration: 9.99424 ms
     Onset Delay: 0 ms
      No. Points: 244
    No. Averages: 700
   No. Artifacts: 0
      Start Time: Mon Dec 14 14:37

    SigGen Index: 3
       Variables: 
                  Polarity = 1 
                  Level = 70 dB
3.35401e-008
2.52914e-008
2.61453e-008
2.91266e-008
2.45033e-008
1.05137e-008
-8.50109e-009
-3.30001e-008
-6.48207e-008
-9.76049e-008
-1.21675e-007
-1.34234e-007
-1.38741e-007
-1.37855e-007
-1.32388e-007
-1.25606e-007
-1.22814e-007
-1.25744e-007
-1.30086e-007
-1.28358e-007
-1.14719e-007
-8.99821e-008
-6.1073e-008
-3.32668e-008
-8.47977e-009
9.40121e-009
1.73686e-008
1.83115e-008
1.64731e-008
1.20797e-008
7.36429e-010
-2.20879e-008
-5.1433e-008
-7.12424e-008
-6.78167e-008
-4.25229e-008
-9.5553e-009
1.61056e-008
2.82935e-008
3.05188e-008
2.80628e-008
1.85502e-008
-5.53425e-009
-4.18153e-008
-7.20914e-008
-7.83691e-008
-6.13646e-008
-3.72188e-008
-1.76906e-008
1.85771e-009
3.36029e-008
7.83431e-008
1.20468e-007
1.42918e-007
1.41203e-007
1.2295e-007
1.01768e-007
9.08073e-008
9.3478e-008
1.00454e-007
1.00843e-007
9.29093e-008
8.16113e-008
7.25749e-008
6.82893e-008
6.34153e-008
4.79966e-008
1.95615e-008
-1.33972e-008
-4.1216e-008
-6.23484e-008
-8.12978e-008
-9.83889e-008
-1.06944e-007
-1.03802e-007
-9.64689e-008
-9.53002e-008
-1.02745e-007
-1.13569e-007
-1.22211e-007
-1.2655e-007
-1.27042e-007
-1.25605e-007
-1.25655e-007
-1.3261e-007
-1.52433e-007
-1.86033e-007
-2.25148e-007
-2.57707e-007
-2.77321e-007
-2.8451e-007
-2.815e-007
-2.71302e-007
-2.58838e-007
-2.46643e-007
-2.3019e-007
-2.00014e-007
-1.49e-007
-7.97736e-008
-5.51182e-009
5.83086e-008
1.03543e-007
1.33037e-007
1.57312e-007
1.86981e-007
2.26859e-007
2.74167e-007
3.18296e-007
3.43367e-007
3.37465e-007
3.05179e-007
2.67781e-007
2.44667e-007
2.38838e-007
2.42485e-007
2.47612e-007
2.50533e-007
2.53924e-007
2.65001e-007
2.88385e-007
3.19311e-007
3.44268e-007
3.51619e-007
3.4207e-007
3.26454e-007
3.14916e-007
3.089e-007
2.99348e-007
2.71801e-007
2.18303e-007
1.47056e-007
7.83684e-008
3.01104e-008
7.1438e-009
1.42854e-009
-9.88613e-010
-1.21088e-008
-3.73787e-008
-7.57657e-008
-1.2193e-007
-1.67522e-007
-2.05686e-007
-2.3802e-007
-2.71259e-007
-3.06396e-007
-3.37722e-007
-3.59887e-007
-3.71449e-007
-3.7419e-007
-3.69764e-007
-3.57057e-007
-3.35875e-007
-3.12281e-007
-2.94912e-007
-2.85925e-007
-2.78696e-007
-2.63416e-007
-2.3517e-007
-1.99703e-007
-1.70046e-007
-1.51778e-007
-1.34116e-007
-1.04954e-007
-6.99266e-008
-4.55858e-008
-3.84416e-008
-3.75952e-008
-2.60887e-008
2.46337e-009
3.94893e-008
7.18647e-008
9.31856e-008
1.04688e-007
1.08182e-007
1.03322e-007
9.3339e-008
8.69684e-008
8.96559e-008
9.79705e-008
1.06158e-007
1.12025e-007
1.15592e-007
1.18093e-007
1.21501e-007
1.25878e-007
1.30099e-007
1.355e-007
1.44178e-007
1.55169e-007
1.65469e-007
1.6987e-007
1.58895e-007
1.25263e-007
7.48856e-008
2.68246e-008
-1.0886e-009
-6.82625e-009
-1.73134e-009
2.85301e-009
-6.88018e-010
-1.7792e-008
-4.60462e-008
-7.32891e-008
-8.51895e-008
-7.3741e-008
-4.44546e-008
-1.57546e-008
-4.49327e-009
-1.15318e-008
-2.328e-008
-2.55621e-008
-1.6019e-008
-4.70538e-009
-2.26247e-009
-7.86526e-009
-1.00942e-008
-2.93655e-011
1.84659e-008
3.58077e-008
4.99996e-008
6.43448e-008
7.87567e-008
9.19797e-008
1.04811e-007
1.15896e-007
1.19713e-007
1.11396e-007
9.35667e-008
7.81395e-008
7.68213e-008
8.76493e-008
9.53046e-008
8.5743e-008
5.77758e-008
2.17897e-008
-9.2695e-009
-2.77276e-008
-3.25303e-008
-2.61863e-008
-1.37853e-008
-1.8283e-009
7.15856e-009
1.62472e-008
2.85099e-008

   Record Number: 6
   Aqu. Duration: 9.99424 ms
     Onset Delay: 0 ms
      No. Points: 244
    No. Averages: 700
   No. Artifacts: 0
      Start Time: Mon Dec 14 14:38

    SigGen Index: 4
       Variables: 
                  Polarity = 1 
                  Level = 60 dB
2.92518e-008
4.10799e-008
4.22279e-008
3.53563e-008
2.94596e-008
2.72621e-008
2.28827e-008
1.3652e-008
6.6203e-009
9.47564e-009
2.1189e-008
3.38891e-008
3.93486e-008
3.29425e-008
1.44169e-008
-1.21508e-008
-3.72318e-008
-4.82471e-008
-3.81984e-008
-1.08859e-008
2.17207e-008
4.42885e-008
4.53339e-008
2.48138e-008
-6.93912e-009
-3.7977e-008
-6.05684e-008
-7.219e-008
-7.69064e-008
-8.1809e-008
-8.61052e-008
-8.02692e-008
-6.06517e-008
-3.77495e-008
-2.76216e-008
-3.89917e-008
-6.5674e-008
-8.94538e-008
-9.57187e-008
-8.54065e-008
-6.85255e-008
-5.29586e-008
-4.13794e-008
-2.95525e-008
-7.65523e-009
2.9105e-008
7.31256e-008
1.09093e-007
1.23097e-007
1.13507e-007
9.6958e-008
9.46816e-008
1.10659e-007
1.29389e-007
1.32931e-007
1.17297e-007
9.48069e-008
8.05589e-008
7.71184e-008
7.32225e-008
5.63694e-008
2.70764e-008
-3.34146e-010
-1.22759e-008
-8.26654e-009
2.41527e-009
1.05948e-008
1.06007e-008
1.33376e-009
-1.10066e-008
-1.67021e-008
-1.34345e-008
-1.00457e-008
-1.5032e-008
-2.41363e-008
-2.40472e-008
-5.94426e-009
2.65219e-008
5.89396e-008
7.54488e-008
6.94651e-008
4.58432e-008
1.53316e-008
-9.12693e-009
-1.55093e-008
6.21871e-010
3.16596e-008
6.03069e-008
6.86332e-008
4.93374e-008
9.72405e-009
-3.37753e-008
-6.50111e-008
-7.66329e-008
-7.19072e-008
-5.92333e-008
-4.65835e-008
-3.85155e-008
-3.43644e-008
-3.0854e-008
-2.7468e-008
-2.50278e-008
-2.13693e-008
-1.50315e-008
-9.34773e-009
-9.37824e-009
-2.04279e-008
-4.80005e-008
-9.12494e-008
-1.37773e-007
-1.69306e-007
-1.73581e-007
-1.53837e-007
-1.26873e-007
-1.07678e-007
-9.74677e-008
-8.84424e-008
-7.57678e-008
-6.20905e-008
-5.1441e-008
-4.21373e-008
-2.85927e-008
-6.90862e-009
2.28271e-008
5.54639e-008
8.20729e-008
9.48244e-008
9.18641e-008
8.01483e-008
7.14041e-008
7.09313e-008
7.41812e-008
7.64647e-008
7.83208e-008
7.93301e-008
7.61006e-008
7.01179e-008
7.01505e-008
8.22727e-008
1.00308e-007
1.09867e-007
1.0259e-007
8.33698e-008
6.20647e-008
4.15647e-008
1.72177e-008
-1.35296e-008
-4.48325e-008
-6.62153e-008
-7.13734e-008
-6.43073e-008
-5.72695e-008
-6.10011e-008
-7.48459e-008
-8.72817e-008
-8.8355e-008
-7.81384e-008
-6.21866e-008
-4.58773e-008
-3.27584e-008
-2.20064e-008
-9.44507e-009
5.55513e-009
1.78808e-008
2.23206e-008
1.75476e-008
7.5999e-009
2.71145e-009
1.18764e-008
3.09818e-008
4.39861e-008
3.9382e-008
2.25564e-008
8.5382e-009
5.17504e-009
8.90889e-009
1.50296e-008
2.29378e-008
3.01491e-008
3.03207e-008
1.99526e-008
2.51367e-009
-1.39577e-008
-2.17648e-008
-1.68758e-008
1.23684e-009
2.76566e-008
4.71253e-008
4.16967e-008
1.11621e-008
-2.34227e-008
-4.04237e-008
-3.33336e-008
-9.46246e-009
1.69942e-008
3.35726e-008
3.67251e-008
2.96304e-008
1.49481e-008
-5.70813e-009
-2.78411e-008
-4.56646e-008
-5.63986e-008
-5.93214e-008
-5.2837e-008
-3.5164e-008
-7.25459e-009
2.40221e-008
4.71741e-008
5.47412e-008
4.7888e-008
3.23816e-008
1.77291e-008
1.6913e-008
3.52121e-008
6.01835e-008
7.18578e-008
6.30633e-008
4.45179e-008
3.23532e-008
3.52223e-008
5.02775e-008
6.75329e-008
7.70205e-008
7.15616e-008
4.78295e-008
9.97999e-009
-2.98456e-008
-5.79507e-008
-6.73076e-008
-6.07151e-008
-4.64375e-008
-3.13779e-008
-1.9821e-008
-1.58146e-008
-2.04205e-008
-2.88401e-008
-3.66564e-008
-4.52865e-008
-5.80492e-008
-7.6281e-008
-9.89484e-008
-1.20494e-007
-1.32721e-007

   Record Number: 7
   Aqu. Duration: 9.99424 ms
     Onset Delay: 0 ms
      No. Points: 244
    No. Averages: 700
   No. Artifacts: 0
      Start Time: Mon Dec 14 14:38

    SigGen Index: 4
       Variables: 
                  Polarity = 1 
                  Level = 60 dB
1.17963e-009
2.04931e-008
5.04666e-008
7.25548e-008
7.1367e-008
4.71018e-008
1.69218e-008
3.43352e-009
1.67604e-008
4.62243e-008
7.18607e-008
8.06821e-008
6.99249e-008
4.42186e-008
1.24488e-008
-1.95402e-008
-5.08237e-008
-7.78282e-008
-9.19379e-008
-8.63814e-008
-6.29373e-008
-3.21534e-008
-7.17599e-009
2.84104e-009
-3.0311e-009
-1.57461e-008
-2.19313e-008
-1.58986e-008
-5.27603e-009
-1.5323e-009
-5.98052e-009
-8.70475e-009
-6.74302e-010
1.48657e-008
2.24789e-008
8.12423e-009
-2.47997e-008
-5.69831e-008
-7.23689e-008
-6.97468e-008
-5.4983e-008
-3.21217e-008
-8.06576e-009
3.21836e-009
-8.65953e-009
-3.78457e-008
-6.58184e-008
-7.72833e-008
-6.93821e-008
-4.60996e-008
-1.00792e-008
3.29019e-008
6.44714e-008
6.21031e-008
2.09692e-008
-3.92712e-008
-8.88409e-008
-1.08178e-007
-9.96279e-008
-7.90648e-008
-5.77448e-008
-3.73173e-008
-1.562e-008
8.79193e-009
3.31081e-008
5.17306e-008
6.4203e-008
7.43264e-008
7.84561e-008
6.68133e-008
4.07535e-008
1.68167e-008
1.07345e-008
2.51987e-008
5.15669e-008
7.81582e-008
9.80977e-008
1.09282e-007
1.06858e-007
8.30265e-008
4.02511e-008
-2.07658e-009
-2.29281e-008
-1.90516e-008
-5.11339e-009
3.33016e-009
3.60798e-009
2.69926e-009
6.81726e-009
1.837e-008
3.55131e-008
4.91292e-008
4.73577e-008
2.7531e-008
-6.23068e-010
-2.41591e-008
-3.75222e-008
-4.62422e-008
-5.99471e-008
-8.04009e-008
-1.00123e-007
-1.12669e-007
-1.17968e-007
-1.18574e-007
-1.15611e-007
-1.0681e-007
-8.87675e-008
-6.34227e-008
-3.95433e-008
-2.70262e-008
-3.00063e-008
-4.23798e-008
-5.09117e-008
-4.57931e-008
-2.96357e-008
-1.52068e-008
-1.0528e-008
-9.93584e-009
-4.31926e-009
8.53799e-009
2.73513e-008
4.9883e-008
7.0364e-008
8.43065e-008
9.44205e-008
1.05469e-007
1.16615e-007
1.22084e-007
1.19332e-007
1.15095e-007
1.19454e-007
1.34536e-007
1.52452e-007
1.62338e-007
1.56834e-007
1.34696e-007
1.01063e-007
6.61401e-008
4.26809e-008
4.07068e-008
6.08233e-008
9.28819e-008
1.22208e-007
1.37884e-007
1.36947e-007
1.24536e-007
1.11644e-007
1.08885e-007
1.18219e-007
1.30687e-007
1.34498e-007
1.24118e-007
9.96256e-008
6.33345e-008
2.31386e-008
-7.55588e-009
-2.17248e-008
-2.62629e-008
-3.24656e-008
-4.43992e-008
-5.88494e-008
-7.13841e-008
-8.29214e-008
-9.94033e-008
-1.2047e-007
-1.36005e-007
-1.40041e-007
-1.38919e-007
-1.41352e-007
-1.49227e-007
-1.59669e-007
-1.6724e-007
-1.65172e-007
-1.51747e-007
-1.33878e-007
-1.20955e-007
-1.167e-007
-1.18261e-007
-1.20222e-007
-1.16392e-007
-1.00795e-007
-7.09947e-008
-3.06302e-008
1.01048e-008
3.84797e-008
4.88701e-008
4.44676e-008
2.82945e-008
2.26896e-009
-2.58461e-008
-4.34801e-008
-4.31143e-008
-3.04408e-008
-2.0458e-008
-2.45599e-008
-4.25341e-008
-6.45419e-008
-7.89897e-008
-7.95541e-008
-6.62769e-008
-4.19356e-008
-8.77375e-009
2.90714e-008
6.10212e-008
7.28253e-008
5.53841e-008
1.33771e-008
-3.23362e-008
-5.6849e-008
-5.02589e-008
-2.24904e-008
9.37402e-009
3.51076e-008
5.33041e-008
6.3853e-008
6.64428e-008
6.68023e-008
7.41564e-008
9.13484e-008
1.12502e-007
1.27095e-007
1.27666e-007
1.1736e-007
1.02612e-007
8.01709e-008
4.57538e-008
1.05821e-008
-7.699e-009
-6.93127e-009
-2.61742e-009
-1.19134e-008
-3.89083e-008
-7.14683e-008
-9.06764e-008
-8.56262e-008
-6.17916e-008
-3.50705e-008
-1.77484e-008
-1.33568e-008
-2.11827e-008
-3.66404e-008
-4.8775e-008
-4.57023e-008
-2.52918e-008

   Record Number: 8
   Aqu. Duration: 9.99424 ms
     Onset Delay: 0 ms
      No. Points: 244
    No. Averages: 700
   No. Artifacts: 0
      Start Time: Mon Dec 14 14:38

    SigGen Index: 5
       Variables: 
                  Polarity = 1 
                  Level = 50 dB
5.76585e-008
8.21262e-008
9.65604e-008
9.63307e-008
8.2277e-008
6.32298e-008
5.77433e-008
7.95408e-008
1.22154e-007
1.65959e-007
1.94749e-007
1.99272e-007
1.75263e-007
1.28745e-007
7.71773e-008
3.70885e-008
1.25028e-008
-3.02876e-009
-1.66603e-008
-2.99184e-008
-3.98652e-008
-4.48724e-008
-4.92271e-008
-5.91385e-008
-7.27172e-008
-8.05359e-008
-7.84757e-008
-7.37167e-008
-7.69343e-008
-9.22491e-008
-1.1372e-007
-1.29206e-007
-1.2996e-007
-1.1829e-007
-1.04615e-007
-9.81648e-008
-1.01505e-007
-1.11512e-007
-1.23103e-007
-1.31357e-007
-1.31875e-007
-1.21776e-007
-1.03111e-007
-8.4334e-008
-7.13823e-008
-5.83578e-008
-3.5432e-008
-3.48656e-009
2.44872e-008
3.42616e-008
2.07463e-008
-9.19109e-009
-3.81218e-008
-4.38331e-008
-1.44838e-008
3.90038e-008
9.16955e-008
1.25586e-007
1.38477e-007
1.36255e-007
1.22875e-007
1.00536e-007
7.66102e-008
6.22159e-008
6.15348e-008
6.76554e-008
7.04064e-008
6.57518e-008
5.62071e-008
4.38008e-008
2.6376e-008
1.63382e-009
-2.66436e-008
-4.78701e-008
-5.20612e-008
-3.87662e-008
-1.8748e-008
-6.14226e-009
-6.84152e-009
-1.43333e-008
-1.7381e-008
-9.55242e-009
6.59271e-009
1.8541e-008
1.13383e-008
-1.65696e-008
-4.86546e-008
-6.38014e-008
-5.20921e-008
-2.08616e-008
1.18754e-008
3.18962e-008
3.60996e-008
2.79396e-008
1.22469e-008
-6.08066e-009
-2.19302e-008
-2.93639e-008
-2.2817e-008
7.29862e-011
3.47027e-008
6.69328e-008
7.9761e-008
6.67927e-008
3.66989e-008
4.14245e-009
-2.10951e-008
-3.69735e-008
-4.59538e-008
-5.09487e-008
-5.20331e-008
-4.60695e-008
-3.08667e-008
-1.01717e-008
6.59445e-009
1.03518e-008
-2.15089e-009
-2.69148e-008
-5.46026e-008
-7.50238e-008
-8.18651e-008
-7.63463e-008
-6.76886e-008
-6.49402e-008
-6.53255e-008
-5.48539e-008
-2.46562e-008
1.49108e-008
4.26859e-008
4.7581e-008
3.38365e-008
1.30657e-008
-8.2949e-011
5.46954e-009
2.72777e-008
5.21664e-008
6.93782e-008
7.56729e-008
7.25059e-008
6.44059e-008
5.49586e-008
4.42645e-008
3.65954e-008
4.06662e-008
5.30418e-008
5.65354e-008
4.3469e-008
2.57519e-008
1.84064e-008
2.41912e-008
3.42482e-008
3.84083e-008
3.55472e-008
3.2857e-008
3.45989e-008
3.70849e-008
3.62757e-008
3.44904e-008
3.6513e-008
4.19236e-008
4.45062e-008
3.96182e-008
2.92179e-008
1.82153e-008
9.66987e-009
3.75554e-009
-2.75699e-009
-1.38099e-008
-2.78829e-008
-3.8291e-008
-4.18389e-008
-4.38263e-008
-5.17244e-008
-6.58082e-008
-7.81689e-008
-8.11309e-008
-7.63392e-008
-7.1398e-008
-6.81978e-008
-6.36264e-008
-5.89477e-008
-5.78205e-008
-5.78549e-008
-5.13591e-008
-3.48791e-008
-1.65387e-008
-1.11536e-008
-2.55095e-008
-4.96214e-008
-6.4951e-008
-6.18858e-008
-4.71692e-008
-3.4407e-008
-3.12694e-008
-3.41666e-008
-3.05462e-008
-9.28113e-009
2.69418e-008
6.2488e-008
8.39609e-008
8.94747e-008
8.24935e-008
6.41086e-008
3.51004e-008
1.97347e-009
-2.52317e-008
-4.21099e-008
-5.22685e-008
-6.00601e-008
-6.45385e-008
-6.16643e-008
-5.10217e-008
-3.80881e-008
-2.80662e-008
-1.89484e-008
-4.1031e-009
1.8398e-008
4.23251e-008
5.7701e-008
5.55808e-008
3.46173e-008
6.81094e-009
-1.05975e-008
-1.0121e-008
4.33571e-009
2.55882e-008
4.57525e-008
5.68869e-008
5.50731e-008
4.08464e-008
1.83322e-008
-3.99884e-009
-1.95939e-008
-3.01581e-008
-4.03055e-008
-5.07342e-008
-5.72084e-008
-5.18359e-008
-2.94707e-008
5.86945e-009
4.37844e-008
7.18761e-008
7.921e-008
6.51473e-008

   Record Number: 9
   Aqu. Duration: 9.99424 ms
     Onset Delay: 0 ms
      No. Points: 244
    No. Averages: 700
   No. Artifacts: 0
      Start Time: Mon Dec 14 14:38

    SigGen Index: 5
       Variables: 
                  Polarity = 1 
                  Level = 50 dB
-1.31948e-007
-1.04551e-007
-7.96125e-008
-6.88995e-008
-6.77649e-008
-6.4527e-008
-5.36889e-008
-3.74684e-008
-2.08481e-008
-7.6195e-009
-4.92253e-010
-4.01014e-009
-2.21224e-008
-4.92998e-008
-6.9544e-008
-6.97969e-008
-5.2048e-008
-3.08543e-008
-2.17916e-008
-3.19772e-008
-5.79961e-008
-8.81222e-008
-1.06125e-007
-1.00961e-007
-7.57106e-008
-4.12013e-008
-3.78661e-009
3.42177e-008
6.9194e-008
9.886e-008
1.24716e-007
1.46581e-007
1.59149e-007
1.56996e-007
1.40891e-007
1.2025e-007
1.08239e-007
1.10281e-007
1.18787e-007
1.21214e-007
1.13964e-007
1.07529e-007
1.136e-007
1.28258e-007
1.34269e-007
1.19914e-007
9.23993e-008
7.35499e-008
8.09733e-008
1.11292e-007
1.43989e-007
1.59356e-007
1.50907e-007
1.27089e-007
1.01895e-007
7.99958e-008
5.53335e-008
2.48667e-008
-4.61873e-009
-2.42088e-008
-3.14625e-008
-3.01921e-008
-2.37401e-008
-1.07038e-008
9.52755e-009
2.75184e-008
2.74024e-008
2.76054e-009
-3.59878e-008
-6.88435e-008
-7.94581e-008
-6.82773e-008
-5.18983e-008
-4.49322e-008
-4.8405e-008
-5.6732e-008
-6.64988e-008
-7.78834e-008
-9.44332e-008
-1.19357e-007
-1.47669e-007
-1.65829e-007
-1.63776e-007
-1.47192e-007
-1.34623e-007
-1.40591e-007
-1.61681e-007
-1.78418e-007
-1.70772e-007
-1.32907e-007
-7.5525e-008
-1.80074e-008
2.18353e-008
3.59934e-008
2.83742e-008
7.16721e-009
-2.53862e-008
-6.99745e-008
-1.1545e-007
-1.38307e-007
-1.24494e-007
-8.46533e-008
-4.40713e-008
-2.36148e-008
-3.07869e-008
-6.0469e-008
-9.95802e-008
-1.34007e-007
-1.53137e-007
-1.50334e-007
-1.22905e-007
-7.33672e-008
-1.21974e-008
4.44269e-008
8.52435e-008
1.10158e-007
1.2455e-007
1.30889e-007
1.27649e-007
1.17451e-007
1.13144e-007
1.27172e-007
1.55159e-007
1.77533e-007
1.78426e-007
1.60072e-007
1.37963e-007
1.27257e-007
1.36821e-007
1.67018e-007
2.06931e-007
2.39264e-007
2.52209e-007
2.43899e-007
2.14307e-007
1.608e-007
8.78749e-008
1.38124e-008
-3.9268e-008
-5.8737e-008
-4.8506e-008
-2.89147e-008
-2.07966e-008
-2.68939e-008
-3.94635e-008
-5.91994e-008
-9.13519e-008
-1.30386e-007
-1.5987e-007
-1.65695e-007
-1.49688e-007
-1.30165e-007
-1.257e-007
-1.41206e-007
-1.69238e-007
-1.98769e-007
-2.23197e-007
-2.40125e-007
-2.44172e-007
-2.29701e-007
-2.01168e-007
-1.67581e-007
-1.29317e-007
-8.59526e-008
-4.9861e-008
-3.4863e-008
-3.83168e-008
-4.42759e-008
-3.87258e-008
-1.98314e-008
5.08452e-009
3.34505e-008
7.23152e-008
1.23843e-007
1.73383e-007
2.01361e-007
2.02676e-007
1.8721e-007
1.6874e-007
1.58445e-007
1.58993e-007
1.62995e-007
1.64626e-007
1.68381e-007
1.80144e-007
1.96325e-007
2.07028e-007
2.03678e-007
1.82969e-007
1.51714e-007
1.23333e-007
1.01104e-007
7.52556e-008
4.28462e-008
1.52579e-008
1.39089e-009
-2.26877e-009
-3.79051e-009
-1.07268e-008
-3.20374e-008
-7.19981e-008
-1.20531e-007
-1.60657e-007
-1.85058e-007
-1.94219e-007
-1.84541e-007
-1.51694e-007
-1.00709e-007
-4.5786e-008
-3.28173e-009
1.5046e-008
7.01939e-009
-1.67658e-008
-3.63755e-008
-3.61146e-008
-1.56137e-008
1.39996e-008
4.13997e-008
6.03816e-008
6.77688e-008
6.31025e-008
5.29625e-008
4.8573e-008
5.35289e-008
5.99273e-008
5.93211e-008
4.79326e-008
2.2818e-008
-1.12597e-008
-3.57897e-008
-3.68386e-008
-2.12744e-008
-3.20515e-009
1.14101e-008
1.92355e-008
1.29393e-008
-1.24904e-008
-5.19558e-008
-9.26558e-008
-1.22885e-007
-1.37385e-007
-1.38956e-007
-1.37739e-007
-1.4341e-007

   Record Number: 10
   Aqu. Duration: 9.99424 ms
     Onset Delay: 0 ms
      No. Points: 244
    No. Averages: 700
   No. Artifacts: 0
      Start Time: Mon Dec 14 14:39

    SigGen Index: 6
       Variables: 
                  Polarity = 1 
                  Level = 40 dB
4.55307e-008
3.26202e-008
1.10039e-008
-1.46746e-008
-3.71725e-008
-4.68382e-008
-3.98642e-008
-2.37377e-008
-1.06369e-008
-8.06348e-009
-1.55819e-008
-2.68641e-008
-3.42724e-008
-3.25765e-008
-2.01661e-008
2.75366e-010
2.31223e-008
4.44352e-008
6.22649e-008
7.0851e-008
6.24213e-008
3.92759e-008
1.6418e-008
8.36751e-009
1.82787e-008
3.73024e-008
5.05602e-008
4.98811e-008
4.15763e-008
3.6626e-008
3.63305e-008
3.19677e-008
1.6473e-008
-7.07001e-009
-3.00044e-008
-4.8591e-008
-6.53395e-008
-8.13062e-008
-9.30774e-008
-9.88723e-008
-1.03045e-007
-1.08995e-007
-1.10048e-007
-9.56339e-008
-6.59726e-008
-3.39922e-008
-1.24796e-008
-4.02312e-009
-4.25222e-009
-8.30816e-009
-1.06956e-008
-4.70622e-009
1.22161e-008
3.26096e-008
4.14174e-008
2.76317e-008
-3.73294e-009
-3.2374e-008
-3.94274e-008
-2.3944e-008
-5.93482e-010
1.74597e-008
2.79366e-008
3.18131e-008
2.69524e-008
1.49624e-008
6.35888e-009
1.23885e-008
3.34868e-008
5.70789e-008
6.75238e-008
6.1939e-008
5.3915e-008
5.64079e-008
6.7624e-008
7.91625e-008
8.75138e-008
9.17738e-008
8.9532e-008
7.82055e-008
5.62712e-008
2.59186e-008
-5.2276e-009
-2.89057e-008
-4.12985e-008
-4.43587e-008
-4.45811e-008
-4.6274e-008
-4.54128e-008
-3.48702e-008
-1.44902e-008
8.64981e-009
2.93396e-008
4.79415e-008
6.34367e-008
7.00691e-008
6.49868e-008
5.28068e-008
3.89854e-008
2.40427e-008
7.77151e-009
-5.37211e-009
-1.0988e-008
-1.34001e-008
-2.31575e-008
-4.42562e-008
-6.7355e-008
-7.79316e-008
-7.05939e-008
-5.33611e-008
-3.85513e-008
-3.29722e-008
-3.63368e-008
-4.42338e-008
-5.06474e-008
-5.12977e-008
-4.70472e-008
-4.04748e-008
-2.86297e-008
-4.09623e-009
3.73845e-008
9.14409e-008
1.41977e-007
1.65748e-007
1.50806e-007
1.10953e-007
7.41883e-008
5.75819e-008
5.68569e-008
5.61339e-008
4.42529e-008
2.4561e-008
1.10952e-008
1.44071e-008
3.10902e-008
4.76554e-008
5.26373e-008
4.26721e-008
2.00766e-008
-1.00619e-008
-4.0055e-008
-6.12417e-008
-6.93922e-008
-6.74862e-008
-6.17532e-008
-5.69081e-008
-5.42607e-008
-5.19874e-008
-4.79303e-008
-4.12653e-008
-3.15428e-008
-2.18221e-008
-2.12511e-008
-3.53408e-008
-5.60355e-008
-6.97179e-008
-7.24216e-008
-7.19545e-008
-7.80193e-008
-9.27578e-008
-1.089e-007
-1.1801e-007
-1.19084e-007
-1.14699e-007
-1.03814e-007
-8.44806e-008
-6.00943e-008
-3.9098e-008
-2.79348e-008
-2.52934e-008
-2.53993e-008
-2.38541e-008
-1.56859e-008
6.83252e-009
4.59263e-008
9.09693e-008
1.25804e-007
1.41556e-007
1.41626e-007
1.37156e-007
1.36664e-007
1.38843e-007
1.35888e-007
1.23176e-007
1.04395e-007
8.70869e-008
7.56221e-008
7.01589e-008
6.97552e-008
7.38959e-008
8.21493e-008
9.26137e-008
9.921e-008
9.35634e-008
7.32669e-008
4.57384e-008
2.11637e-008
3.53768e-009
-8.99054e-009
-1.66064e-008
-1.62096e-008
-9.87998e-009
-8.80011e-009
-2.13873e-008
-4.06532e-008
-5.10885e-008
-4.6072e-008
-3.09723e-008
-1.23525e-008
5.40877e-009
1.55544e-008
1.33992e-008
4.59992e-009
8.04848e-010
9.01386e-009
2.7051e-008
4.42875e-008
4.72549e-008
3.08135e-008
4.49847e-009
-1.72735e-008
-3.04358e-008
-4.12013e-008
-5.47274e-008
-7.04366e-008
-8.32678e-008
-8.48673e-008
-7.11979e-008
-5.00513e-008
-3.23303e-008
-2.07928e-008
-1.56671e-008
-2.07756e-008
-3.54183e-008
-5.16353e-008
-6.55036e-008
-7.93706e-008
-9.12376e-008
-9.46052e-008
-8.83165e-008
-7.58593e-008
-5.74793e-008
-3.16047e-008
-2.83984e-009

   Record Number: 11
   Aqu. Duration: 9.99424 ms
     Onset Delay: 0 ms
      No. Points: 244
    No. Averages: 700
   No. Artifacts: 0
      Start Time: Mon Dec 14 14:39

    SigGen Index: 6
       Variables: 
                  Polarity = 1 
                  Level = 40 dB
1.37267e-007
1.10751e-007
6.47233e-008
1.23303e-008
-2.85477e-008
-5.02398e-008
-5.91661e-008
-6.48411e-008
-6.81163e-008
-6.25083e-008
-4.68287e-008
-3.11954e-008
-2.59615e-008
-3.06271e-008
-4.09125e-008
-6.13627e-008
-1.00564e-007
-1.54387e-007
-2.03452e-007
-2.29233e-007
-2.26436e-007
-2.00184e-007
-1.58551e-007
-1.09756e-007
-6.22681e-008
-2.54209e-008
-9.73933e-009
-2.2199e-008
-5.69542e-008
-9.48643e-008
-1.17943e-007
-1.23921e-007
-1.2466e-007
-1.30951e-007
-1.40664e-007
-1.42462e-007
-1.29185e-007
-1.03882e-007
-7.30432e-008
-4.02367e-008
-7.9993e-009
2.02146e-008
4.25897e-008
6.10534e-008
8.0178e-008
1.02213e-007
1.21296e-007
1.28348e-007
1.23701e-007
1.15997e-007
1.08417e-007
9.59014e-008
7.60047e-008
5.58597e-008
4.57723e-008
4.70939e-008
5.25641e-008
5.84318e-008
6.63525e-008
7.46494e-008
7.77182e-008
7.40143e-008
6.90372e-008
6.91322e-008
7.44641e-008
7.90842e-008
7.5451e-008
6.01483e-008
3.93342e-008
2.50545e-008
2.44383e-008
3.73872e-008
6.16737e-008
9.34842e-008
1.23803e-007
1.38652e-007
1.28312e-007
9.84412e-008
6.78781e-008
5.42443e-008
6.35192e-008
8.89756e-008
1.14495e-007
1.21788e-007
1.02132e-007
6.48711e-008
3.02681e-008
8.51206e-009
-9.70004e-009
-3.48691e-008
-5.87815e-008
-6.30936e-008
-4.06322e-008
-2.30461e-010
3.95779e-008
5.6799e-008
4.14249e-008
8.81118e-009
-1.65461e-008
-2.94188e-008
-4.36321e-008
-6.62859e-008
-8.38732e-008
-7.71663e-008
-4.26171e-008
5.01363e-009
4.49867e-008
6.41043e-008
6.33374e-008
5.11512e-008
3.37103e-008
1.68686e-008
7.62373e-009
4.39281e-009
-4.29904e-009
-2.54955e-008
-5.30001e-008
-7.16652e-008
-6.60941e-008
-3.16923e-008
1.74845e-008
5.6789e-008
7.01714e-008
5.81807e-008
3.12928e-008
3.12905e-009
-1.73102e-008
-3.41714e-008
-5.67767e-008
-8.32336e-008
-1.04258e-007
-1.17379e-007
-1.2351e-007
-1.15674e-007
-8.43092e-008
-3.38697e-008
1.38355e-008
3.60274e-008
2.59239e-008
-6.11577e-009
-4.2913e-008
-6.9026e-008
-7.43992e-008
-5.83374e-008
-3.05285e-008
-2.70061e-009
2.12656e-008
4.70249e-008
8.40875e-008
1.34244e-007
1.83739e-007
2.13109e-007
2.13156e-007
1.88121e-007
1.50419e-007
1.12771e-007
7.79099e-008
3.89371e-008
-5.93087e-009
-4.61618e-008
-6.95743e-008
-7.23953e-008
-5.67573e-008
-2.77092e-008
3.83159e-009
2.34751e-008
2.17949e-008
-1.68272e-009
-3.76145e-008
-6.76373e-008
-7.3876e-008
-5.13955e-008
-9.08634e-009
3.86472e-008
7.90613e-008
1.05144e-007
1.14544e-007
1.05012e-007
7.63123e-008
3.86336e-008
1.1772e-008
7.90192e-009
1.90127e-008
2.91462e-008
3.27519e-008
3.43759e-008
3.92143e-008
4.70514e-008
5.06209e-008
4.5516e-008
4.12448e-008
5.13821e-008
7.39697e-008
9.11428e-008
8.92805e-008
7.31593e-008
5.85955e-008
5.82605e-008
7.47117e-008
9.82381e-008
1.13806e-007
1.17888e-007
1.23298e-007
1.42889e-007
1.75239e-007
2.07004e-007
2.21916e-007
2.09607e-007
1.71822e-007
1.21052e-007
7.52934e-008
5.12566e-008
5.32608e-008
6.82573e-008
7.6122e-008
6.34509e-008
2.811e-008
-2.48153e-008
-8.69281e-008
-1.4348e-007
-1.75233e-007
-1.74346e-007
-1.53134e-007
-1.32182e-007
-1.26328e-007
-1.42202e-007
-1.79205e-007
-2.29195e-007
-2.78407e-007
-3.09301e-007
-3.07067e-007
-2.75639e-007
-2.39793e-007
-2.19632e-007
-2.11064e-007
-1.97343e-007
-1.69238e-007
-1.29701e-007
-8.67135e-008
-4.65478e-008
-1.31089e-008
1.03433e-008
2.33526e-008
3.20798e-008

