ABR Group Header  ==================================
    Group Number: 0
         Records: 12
  SigGen File #1: C:\ABRs\Stimulus\ClickRX8_Left.sig
  SigGen File #2: 
      Subject ID: 1903
    Reference #1: clickright2
    Reference #2: pNOE2
            Memo: 
      Start Time: Mon Dec 14 15:34
        End Time: Mon Dec 14 15:38
----------------------------------------------------

   Record Number: 0
   Aqu. Duration: 9.99424 ms
     Onset Delay: 0 ms
      No. Points: 244
    No. Averages: 700
   No. Artifacts: 0
      Start Time: Mon Dec 14 15:35

    SigGen Index: 1
       Variables: 
                  Polarity = 1 
                  Level = 90 dB
-1.61196e-009
4.99858e-008
8.61283e-008
9.73866e-008
9.10433e-008
7.88144e-008
6.89979e-008
6.36097e-008
5.95555e-008
5.31833e-008
3.96961e-008
1.27837e-008
-2.55913e-008
-6.00041e-008
-7.37023e-008
-6.24754e-008
-3.59002e-008
-1.11249e-008
-3.1256e-009
-1.24966e-008
-2.39084e-008
-2.13148e-008
-1.7666e-009
2.61265e-008
5.08678e-008
6.43483e-008
6.4917e-008
5.66713e-008
4.64189e-008
4.12974e-008
4.42161e-008
4.96944e-008
5.06035e-008
4.9805e-008
5.76306e-008
7.72108e-008
9.95359e-008
1.14391e-007
1.19341e-007
1.14369e-007
9.39595e-008
5.08666e-008
-1.26416e-008
-7.92738e-008
-1.26432e-007
-1.44024e-007
-1.40691e-007
-1.33246e-007
-1.31931e-007
-1.35134e-007
-1.35563e-007
-1.28078e-007
-1.12164e-007
-8.98421e-008
-6.36497e-008
-3.73197e-008
-1.50086e-008
7.69171e-010
7.68386e-009
2.10863e-009
-1.74934e-008
-4.29115e-008
-5.31126e-008
-2.91871e-008
2.46177e-008
8.23244e-008
1.18224e-007
1.24192e-007
1.0918e-007
8.70978e-008
6.70733e-008
5.20615e-008
4.33135e-008
4.45167e-008
5.70404e-008
7.30707e-008
8.16413e-008
7.84688e-008
6.4583e-008
4.12228e-008
1.0471e-008
-2.14975e-008
-4.41877e-008
-4.98672e-008
-4.42917e-008
-4.54095e-008
-6.50137e-008
-9.54912e-008
-1.20068e-007
-1.31167e-007
-1.33406e-007
-1.32456e-007
-1.27676e-007
-1.16867e-007
-1.02239e-007
-8.75401e-008
-7.36503e-008
-6.10884e-008
-5.25039e-008
-4.81164e-008
-4.40892e-008
-3.95533e-008
-3.80866e-008
-4.05614e-008
-4.36868e-008
-4.33851e-008
-3.33941e-008
-5.81369e-009
3.91282e-008
8.68512e-008
1.18675e-007
1.2788e-007
1.23217e-007
1.18295e-007
1.18486e-007
1.17334e-007
1.05012e-007
7.73736e-008
3.63592e-008
-1.39357e-008
-6.92434e-008
-1.24385e-007
-1.73395e-007
-2.12999e-007
-2.45616e-007
-2.75808e-007
-3.02526e-007
-3.19267e-007
-3.2242e-007
-3.13034e-007
-2.91697e-007
-2.58976e-007
-2.20495e-007
-1.85732e-007
-1.59138e-007
-1.33413e-007
-9.29955e-008
-2.72744e-008
5.74702e-008
1.39527e-007
1.94539e-007
2.11538e-007
2.00767e-007
1.81603e-007
1.65009e-007
1.52537e-007
1.44155e-007
1.408e-007
1.42141e-007
1.42861e-007
1.34695e-007
1.15731e-007
9.21684e-008
6.87433e-008
4.37272e-008
1.59571e-008
-6.79209e-009
-1.05101e-008
1.41091e-008
6.32371e-008
1.19067e-007
1.6033e-007
1.77396e-007
1.7611e-007
1.6988e-007
1.67671e-007
1.66007e-007
1.56176e-007
1.37338e-007
1.14781e-007
9.2041e-008
7.16383e-008
5.35637e-008
3.08229e-008
-1.90312e-009
-3.65856e-008
-5.87297e-008
-6.37029e-008
-6.06896e-008
-6.27266e-008
-7.57414e-008
-9.51585e-008
-1.11277e-007
-1.19854e-007
-1.26756e-007
-1.39212e-007
-1.55501e-007
-1.69628e-007
-1.82493e-007
-1.98413e-007
-2.1393e-007
-2.17855e-007
-1.99371e-007
-1.56616e-007
-1.01379e-007
-5.22891e-008
-2.29131e-008
-1.8523e-008
-3.74376e-008
-6.77731e-008
-8.93348e-008
-8.93714e-008
-7.52013e-008
-6.45094e-008
-6.48524e-008
-6.97191e-008
-7.23161e-008
-7.51179e-008
-8.48827e-008
-1.01858e-007
-1.17046e-007
-1.19096e-007
-1.0139e-007
-6.58511e-008
-2.28994e-008
1.45884e-008
3.91928e-008
5.19758e-008
6.02538e-008
7.41557e-008
1.01886e-007
1.42555e-007
1.83712e-007
2.10281e-007
2.17654e-007
2.14472e-007
2.11518e-007
2.09504e-007
1.99843e-007
1.7659e-007
1.44227e-007
1.12406e-007
8.63359e-008
6.49965e-008
4.63502e-008
3.0927e-008
2.21e-008
2.45015e-008
3.94299e-008
6.18582e-008
8.29827e-008
9.5017e-008
9.45816e-008
8.16321e-008

   Record Number: 1
   Aqu. Duration: 9.99424 ms
     Onset Delay: 0 ms
      No. Points: 244
    No. Averages: 700
   No. Artifacts: 0
      Start Time: Mon Dec 14 15:35

    SigGen Index: 1
       Variables: 
                  Polarity = 1 
                  Level = 90 dB
1.02744e-007
9.79471e-008
7.40145e-008
3.87824e-008
7.3627e-009
-8.16153e-009
-6.17881e-009
2.72431e-009
4.95922e-009
-6.21412e-010
-2.56769e-009
4.67384e-009
1.19402e-008
6.73398e-009
-1.59948e-008
-5.02069e-008
-7.97259e-008
-9.0539e-008
-8.2076e-008
-6.04865e-008
-2.83146e-008
1.24997e-008
5.34726e-008
8.22169e-008
9.26289e-008
9.17251e-008
9.59029e-008
1.16638e-007
1.48946e-007
1.76711e-007
1.86999e-007
1.77125e-007
1.52736e-007
1.25077e-007
1.08444e-007
1.1267e-007
1.35787e-007
1.64119e-007
1.79095e-007
1.68512e-007
1.32868e-007
7.93393e-008
1.41196e-008
-5.53299e-008
-1.15265e-007
-1.51845e-007
-1.62527e-007
-1.5609e-007
-1.44646e-007
-1.39278e-007
-1.4881e-007
-1.7604e-007
-2.12878e-007
-2.44349e-007
-2.59057e-007
-2.51456e-007
-2.18182e-007
-1.60213e-007
-8.89461e-008
-2.55999e-008
1.03887e-008
1.58668e-008
8.08266e-009
1.02975e-008
2.94704e-008
5.38774e-008
7.3518e-008
9.05122e-008
1.07026e-007
1.14708e-007
1.00702e-007
6.06527e-008
6.04418e-009
-4.05608e-008
-6.16895e-008
-5.81421e-008
-4.45843e-008
-3.57575e-008
-3.71788e-008
-4.21996e-008
-4.01045e-008
-3.13773e-008
-2.87429e-008
-4.1802e-008
-6.79114e-008
-9.71846e-008
-1.19145e-007
-1.26847e-007
-1.20341e-007
-1.0382e-007
-8.00533e-008
-5.20437e-008
-2.50589e-008
-1.35311e-009
2.22836e-008
4.67798e-008
6.47309e-008
6.81266e-008
5.89138e-008
4.70235e-008
4.16015e-008
4.44024e-008
4.72978e-008
3.95978e-008
2.01747e-008
-3.1146e-009
-2.42294e-008
-4.01449e-008
-4.43577e-008
-3.1459e-008
-7.75553e-009
1.33547e-008
2.56507e-008
3.08662e-008
2.80864e-008
1.19457e-008
-1.77879e-008
-5.16034e-008
-7.81964e-008
-9.43113e-008
-1.07331e-007
-1.29678e-007
-1.65506e-007
-2.01685e-007
-2.19235e-007
-2.12377e-007
-1.89568e-007
-1.61946e-007
-1.36876e-007
-1.16551e-007
-9.90866e-008
-8.25484e-008
-6.70239e-008
-5.19653e-008
-3.18521e-008
3.38302e-009
5.82976e-008
1.22544e-007
1.78168e-007
2.14615e-007
2.32621e-007
2.40709e-007
2.5089e-007
2.70939e-007
2.97812e-007
3.18696e-007
3.19417e-007
2.94594e-007
2.51231e-007
2.02748e-007
1.60058e-007
1.27111e-007
1.01172e-007
7.60536e-008
4.71004e-008
1.59015e-008
-8.3843e-009
-1.48878e-008
-5.88754e-010
2.60157e-008
5.00106e-008
5.71811e-008
3.87962e-008
-2.37428e-009
-5.10465e-008
-9.12799e-008
-1.15744e-007
-1.22988e-007
-1.15882e-007
-1.01002e-007
-8.19039e-008
-5.85081e-008
-3.7488e-008
-3.57023e-008
-6.53255e-008
-1.16039e-007
-1.6019e-007
-1.78076e-007
-1.71803e-007
-1.57582e-007
-1.52467e-007
-1.62397e-007
-1.77257e-007
-1.83485e-007
-1.8093e-007
-1.79777e-007
-1.83483e-007
-1.83976e-007
-1.74114e-007
-1.55625e-007
-1.31373e-007
-9.87565e-008
-5.66082e-008
-1.21898e-008
2.41841e-008
4.89161e-008
6.49023e-008
7.1234e-008
6.10758e-008
3.4038e-008
4.38198e-009
-7.44756e-009
6.17999e-009
2.95741e-008
3.78847e-008
2.13368e-008
-9.47409e-009
-3.89804e-008
-5.90905e-008
-6.7806e-008
-6.7524e-008
-6.71432e-008
-7.63405e-008
-9.27354e-008
-9.75101e-008
-7.0403e-008
-1.01896e-008
6.41885e-008
1.30694e-007
1.79173e-007
2.1237e-007
2.3573e-007
2.49233e-007
2.49689e-007
2.37019e-007
2.15303e-007
1.88357e-007
1.5714e-007
1.23156e-007
9.16085e-008
6.80098e-008
5.07646e-008
2.97456e-008
-1.62577e-009
-3.29086e-008
-4.32425e-008
-2.40912e-008
1.13124e-008
4.2486e-008
5.68127e-008
5.06247e-008
2.69279e-008
-5.17726e-009
-3.32161e-008

   Record Number: 2
   Aqu. Duration: 9.99424 ms
     Onset Delay: 0 ms
      No. Points: 244
    No. Averages: 700
   No. Artifacts: 0
      Start Time: Mon Dec 14 15:36

    SigGen Index: 2
       Variables: 
                  Polarity = 1 
                  Level = 80 dB
1.10139e-007
1.11021e-007
9.01739e-008
4.65188e-008
-7.06136e-009
-5.24945e-008
-7.73621e-008
-7.62814e-008
-5.39343e-008
-2.62007e-008
-8.82608e-009
-7.97199e-009
-2.24567e-008
-4.40537e-008
-5.76716e-008
-5.32174e-008
-3.40247e-008
-9.58906e-009
1.25814e-008
2.83588e-008
3.62215e-008
3.45131e-008
2.35742e-008
1.34297e-008
1.77773e-008
3.77853e-008
6.24956e-008
8.04964e-008
8.49818e-008
7.60426e-008
5.8442e-008
3.52224e-008
9.86104e-009
-1.08338e-008
-2.34133e-008
-3.02864e-008
-3.5615e-008
-4.55683e-008
-6.6176e-008
-9.70474e-008
-1.30671e-007
-1.53181e-007
-1.4956e-007
-1.18145e-007
-7.19193e-008
-2.35587e-008
1.8053e-008
4.47948e-008
5.60743e-008
5.92243e-008
5.89552e-008
5.55582e-008
5.03148e-008
4.49006e-008
3.98419e-008
3.36057e-008
1.92335e-008
-9.78846e-009
-4.82836e-008
-8.31644e-008
-1.03373e-007
-1.00789e-007
-7.38303e-008
-3.33026e-008
2.99785e-009
1.90302e-008
6.32942e-009
-2.94053e-008
-7.09346e-008
-1.03145e-007
-1.20554e-007
-1.27329e-007
-1.34932e-007
-1.50712e-007
-1.6832e-007
-1.74595e-007
-1.60543e-007
-1.27064e-007
-8.72139e-008
-5.72379e-008
-4.29725e-008
-4.11312e-008
-4.57497e-008
-4.65447e-008
-3.43399e-008
-1.15935e-008
1.39848e-008
4.23476e-008
7.83551e-008
1.22074e-007
1.66529e-007
2.01059e-007
2.18984e-007
2.23957e-007
2.23669e-007
2.21193e-007
2.16625e-007
2.07716e-007
1.89452e-007
1.6201e-007
1.30949e-007
9.70009e-008
6.00273e-008
2.75181e-008
7.45932e-009
2.12688e-009
6.5009e-009
3.65017e-009
-2.31369e-008
-6.97529e-008
-1.17535e-007
-1.51528e-007
-1.64613e-007
-1.58133e-007
-1.39036e-007
-1.11909e-007
-8.20033e-008
-5.98831e-008
-5.28072e-008
-5.68784e-008
-6.03126e-008
-5.43144e-008
-4.24834e-008
-3.36317e-008
-2.7732e-008
-2.09537e-008
-1.60974e-008
-1.59815e-008
-1.82679e-008
-2.07362e-008
-2.0519e-008
-1.27653e-008
2.56987e-009
1.87367e-008
2.82073e-008
2.62826e-008
1.27023e-008
-6.32869e-009
-2.18593e-008
-2.87099e-008
-2.75307e-008
-2.40616e-008
-2.30981e-008
-2.03015e-008
-7.64277e-009
1.43021e-008
3.78762e-008
5.56135e-008
6.25104e-008
6.13416e-008
6.37205e-008
7.75503e-008
9.68984e-008
1.0696e-007
9.65137e-008
6.7762e-008
3.65267e-008
1.93118e-008
1.99508e-008
2.92324e-008
3.00058e-008
5.51944e-009
-4.60322e-008
-1.09642e-007
-1.67979e-007
-2.07577e-007
-2.18031e-007
-1.98875e-007
-1.62377e-007
-1.26309e-007
-1.05894e-007
-1.04891e-007
-1.13833e-007
-1.22872e-007
-1.27857e-007
-1.23162e-007
-1.04348e-007
-7.49713e-008
-4.1124e-008
-8.05805e-009
2.03124e-008
4.69882e-008
7.4546e-008
9.44644e-008
1.01219e-007
1.05638e-007
1.20274e-007
1.4499e-007
1.71097e-007
1.87951e-007
1.89695e-007
1.81571e-007
1.72432e-007
1.62979e-007
1.48428e-007
1.26207e-007
9.62482e-008
6.02435e-008
2.10138e-008
-2.06595e-008
-6.27488e-008
-9.71719e-008
-1.17257e-007
-1.22959e-007
-1.15983e-007
-1.02703e-007
-9.68328e-008
-1.08563e-007
-1.34824e-007
-1.59268e-007
-1.63777e-007
-1.44463e-007
-1.10852e-007
-7.41831e-008
-4.43577e-008
-2.78257e-008
-2.28084e-008
-2.239e-008
-1.97815e-008
-9.77413e-009
7.76154e-009
2.63599e-008
4.0128e-008
4.98387e-008
5.94391e-008
6.97697e-008
7.61557e-008
7.37479e-008
6.80907e-008
7.38308e-008
9.70662e-008
1.2519e-007
1.40077e-007
1.35199e-007
1.16736e-007
9.7227e-008
8.68291e-008
8.45379e-008
8.50176e-008
9.01859e-008
1.02394e-007
1.13141e-007
1.08111e-007
8.2565e-008

   Record Number: 3
   Aqu. Duration: 9.99424 ms
     Onset Delay: 0 ms
      No. Points: 244
    No. Averages: 700
   No. Artifacts: 0
      Start Time: Mon Dec 14 15:36

    SigGen Index: 2
       Variables: 
                  Polarity = 1 
                  Level = 80 dB
2.47057e-007
2.39493e-007
2.26919e-007
2.01978e-007
1.67774e-007
1.34319e-007
1.05015e-007
7.85489e-008
5.71479e-008
4.48243e-008
4.5225e-008
5.85017e-008
7.31567e-008
7.22088e-008
5.22151e-008
2.38418e-008
-3.00014e-009
-2.50015e-008
-4.40646e-008
-6.17368e-008
-7.22191e-008
-7.05596e-008
-6.53403e-008
-6.75595e-008
-7.40802e-008
-7.66248e-008
-7.52395e-008
-7.5173e-008
-8.27286e-008
-1.03462e-007
-1.37448e-007
-1.79105e-007
-2.19511e-007
-2.48627e-007
-2.63525e-007
-2.70857e-007
-2.76841e-007
-2.82023e-007
-2.80019e-007
-2.57315e-007
-2.09099e-007
-1.5126e-007
-1.01387e-007
-6.0347e-008
-2.05401e-008
2.24618e-008
6.45967e-008
9.49464e-008
1.11931e-007
1.27541e-007
1.45304e-007
1.55075e-007
1.56043e-007
1.60081e-007
1.71068e-007
1.78269e-007
1.66414e-007
1.29959e-007
8.2759e-008
4.67419e-008
3.07189e-008
2.81118e-008
2.93038e-008
2.78331e-008
1.87251e-008
-2.02563e-009
-3.1719e-008
-5.44108e-008
-5.08841e-008
-2.07935e-008
1.54109e-008
3.55294e-008
2.82219e-008
-3.39793e-009
-4.4777e-008
-8.3429e-008
-1.14331e-007
-1.31361e-007
-1.29528e-007
-1.14311e-007
-9.69032e-008
-8.50004e-008
-8.04772e-008
-8.05804e-008
-8.29953e-008
-8.79687e-008
-9.14119e-008
-8.40861e-008
-6.29197e-008
-3.35639e-008
1.92117e-009
4.78128e-008
1.0298e-007
1.58188e-007
2.01615e-007
2.213e-007
2.12794e-007
1.84551e-007
1.50429e-007
1.25138e-007
1.23681e-007
1.52041e-007
2.00911e-007
2.47739e-007
2.62059e-007
2.26061e-007
1.55726e-007
8.69838e-008
4.22577e-008
1.71176e-008
-7.41807e-009
-4.1893e-008
-7.82016e-008
-1.06022e-007
-1.27095e-007
-1.43759e-007
-1.50059e-007
-1.42263e-007
-1.26885e-007
-1.18217e-007
-1.27789e-007
-1.49884e-007
-1.68255e-007
-1.78399e-007
-1.84514e-007
-1.84335e-007
-1.75934e-007
-1.65111e-007
-1.58082e-007
-1.56072e-007
-1.51117e-007
-1.26863e-007
-7.64549e-008
-1.57488e-008
2.97998e-008
4.55846e-008
3.55098e-008
1.91464e-008
2.01724e-008
5.10746e-008
1.05478e-007
1.60131e-007
1.8831e-007
1.81245e-007
1.55091e-007
1.35378e-007
1.3859e-007
1.63609e-007
1.94634e-007
2.14443e-007
2.13695e-007
1.89135e-007
1.44328e-007
9.3109e-008
5.18376e-008
2.78453e-008
2.01096e-008
2.62021e-008
4.35761e-008
6.57522e-008
7.72965e-008
5.83948e-008
5.03352e-009
-6.23485e-008
-1.19192e-007
-1.54576e-007
-1.68437e-007
-1.67815e-007
-1.64417e-007
-1.66607e-007
-1.77696e-007
-1.99703e-007
-2.29204e-007
-2.53199e-007
-2.56165e-007
-2.30129e-007
-1.80609e-007
-1.25574e-007
-8.3632e-008
-6.22219e-008
-5.57553e-008
-4.78965e-008
-2.14031e-008
2.6139e-008
8.26796e-008
1.34097e-007
1.67943e-007
1.77444e-007
1.70005e-007
1.61762e-007
1.63902e-007
1.79802e-007
2.05457e-007
2.27019e-007
2.27641e-007
2.00767e-007
1.53163e-007
9.83763e-008
5.04374e-008
1.89288e-008
7.65454e-009
1.46902e-008
2.84633e-008
3.21641e-008
1.78463e-008
-1.25505e-008
-5.30251e-008
-8.9402e-008
-1.03913e-007
-9.02573e-008
-5.7048e-008
-2.17632e-008
-8.86411e-010
1.42499e-009
-6.80829e-009
-1.64545e-008
-2.47085e-008
-3.42445e-008
-4.88096e-008
-6.88494e-008
-9.04735e-008
-1.09666e-007
-1.24345e-007
-1.29769e-007
-1.1836e-007
-8.81407e-008
-4.80671e-008
-1.37952e-008
3.01384e-009
3.56708e-009
-1.03278e-009
-1.9779e-009
1.04397e-009
3.91362e-009
4.19382e-009
6.30684e-009
1.88003e-008
4.21945e-008
6.73097e-008
8.62248e-008
9.59393e-008
9.48786e-008
8.46191e-008
7.19687e-008

   Record Number: 4
   Aqu. Duration: 9.99424 ms
     Onset Delay: 0 ms
      No. Points: 244
    No. Averages: 700
   No. Artifacts: 0
      Start Time: Mon Dec 14 15:36

    SigGen Index: 3
       Variables: 
                  Polarity = 1 
                  Level = 70 dB
-4.45578e-008
-6.48998e-008
-6.50348e-008
-5.06156e-008
-2.63629e-008
7.13174e-009
5.15011e-008
1.00638e-007
1.38829e-007
1.55431e-007
1.56563e-007
1.57583e-007
1.66638e-007
1.78944e-007
1.8506e-007
1.80797e-007
1.68301e-007
1.49309e-007
1.23193e-007
9.44688e-008
7.34563e-008
6.47592e-008
6.20106e-008
5.52967e-008
3.76723e-008
6.38821e-009
-3.28969e-008
-6.34419e-008
-6.8934e-008
-4.90856e-008
-1.96369e-008
-2.12821e-010
-4.54232e-009
-3.6919e-008
-9.02806e-008
-1.45202e-007
-1.78409e-007
-1.78845e-007
-1.52991e-007
-1.16455e-007
-8.63466e-008
-7.5436e-008
-8.24121e-008
-9.03534e-008
-8.28352e-008
-5.91924e-008
-3.09113e-008
-9.50992e-009
-5.64375e-010
-2.73755e-009
-1.00674e-008
-1.93159e-008
-3.4206e-008
-5.84624e-008
-8.85853e-008
-1.15617e-007
-1.2914e-007
-1.22984e-007
-1.00962e-007
-7.3071e-008
-4.83774e-008
-3.32233e-008
-2.85025e-008
-2.65621e-008
-1.7352e-008
2.21445e-009
3.0016e-008
6.43847e-008
1.00845e-007
1.29475e-007
1.41758e-007
1.37141e-007
1.22321e-007
1.07334e-007
1.00879e-007
1.04169e-007
1.08686e-007
1.04786e-007
9.25585e-008
7.94572e-008
6.7694e-008
4.93809e-008
1.82143e-008
-1.78246e-008
-4.34734e-008
-5.33523e-008
-5.3867e-008
-5.09685e-008
-4.41421e-008
-3.09988e-008
-1.26386e-008
4.74578e-009
1.39996e-008
1.45017e-008
1.22696e-008
1.22866e-008
1.58352e-008
2.55421e-008
4.48863e-008
6.82267e-008
7.97871e-008
6.93582e-008
4.33711e-008
1.72769e-008
1.94281e-009
-1.96365e-009
-1.89723e-009
-7.86813e-009
-2.48657e-008
-4.85688e-008
-7.20948e-008
-9.79453e-008
-1.35871e-007
-1.86956e-007
-2.39085e-007
-2.78278e-007
-2.96226e-007
-2.90118e-007
-2.63574e-007
-2.27298e-007
-1.93945e-007
-1.70229e-007
-1.53377e-007
-1.34402e-007
-1.04793e-007
-6.18592e-008
-1.03466e-008
3.97085e-008
7.85848e-008
1.03161e-007
1.17476e-007
1.28199e-007
1.43206e-007
1.69734e-007
2.05178e-007
2.33882e-007
2.41113e-007
2.25481e-007
1.95081e-007
1.61441e-007
1.37919e-007
1.33615e-007
1.47783e-007
1.7284e-007
1.98315e-007
2.1114e-007
2.00898e-007
1.67695e-007
1.20822e-007
7.24538e-008
3.35862e-008
1.0808e-008
5.42959e-009
1.20898e-008
1.54971e-008
-2.40862e-009
-4.53589e-008
-9.78094e-008
-1.39912e-007
-1.6318e-007
-1.72412e-007
-1.79817e-007
-1.95121e-007
-2.14048e-007
-2.20845e-007
-2.05269e-007
-1.70574e-007
-1.26273e-007
-8.13785e-008
-4.36108e-008
-1.77548e-008
-3.46606e-009
1.47795e-009
-2.69033e-009
-1.32178e-008
-2.0064e-008
-1.30513e-008
7.80514e-009
3.34343e-008
5.47421e-008
6.83307e-008
7.84445e-008
9.42199e-008
1.17931e-007
1.39361e-007
1.47501e-007
1.38881e-007
1.13629e-007
7.56536e-008
3.55376e-008
4.60211e-009
-1.35526e-008
-2.38954e-008
-3.27814e-008
-4.02908e-008
-4.21278e-008
-3.8343e-008
-3.64706e-008
-4.68931e-008
-7.48162e-008
-1.13437e-007
-1.46076e-007
-1.56961e-007
-1.40987e-007
-1.06121e-007
-6.86595e-008
-4.57176e-008
-4.67233e-008
-6.43187e-008
-7.60164e-008
-6.42355e-008
-3.27109e-008
3.15486e-009
3.44329e-008
6.05267e-008
8.11304e-008
9.35089e-008
9.65291e-008
9.34976e-008
8.83512e-008
8.02575e-008
6.46927e-008
4.03531e-008
1.28265e-008
-9.60357e-009
-2.20138e-008
-2.48368e-008
-2.22817e-008
-1.9423e-008
-1.98308e-008
-2.50122e-008
-3.36942e-008
-4.088e-008
-4.06264e-008
-3.12914e-008
-1.86607e-008
-1.23012e-008
-1.4414e-008
-1.56111e-008
-6.53909e-009
1.25546e-008
3.61056e-008
5.78656e-008
7.15039e-008

   Record Number: 5
   Aqu. Duration: 9.99424 ms
     Onset Delay: 0 ms
      No. Points: 244
    No. Averages: 700
   No. Artifacts: 0
      Start Time: Mon Dec 14 15:36

    SigGen Index: 3
       Variables: 
                  Polarity = 1 
                  Level = 70 dB
4.50948e-008
1.89817e-008
4.62055e-009
4.83498e-010
4.93468e-009
1.62045e-008
3.06782e-008
4.07024e-008
4.11116e-008
3.64885e-008
3.47072e-008
3.59853e-008
3.2888e-008
1.87104e-008
-6.30022e-009
-3.49988e-008
-5.7932e-008
-7.0506e-008
-7.68792e-008
-8.30908e-008
-8.91224e-008
-9.45358e-008
-1.04756e-007
-1.22349e-007
-1.37712e-007
-1.35673e-007
-1.11687e-007
-7.78616e-008
-4.92832e-008
-2.96347e-008
-1.55935e-008
-5.74319e-009
1.41307e-009
7.47634e-009
8.95608e-009
1.82645e-009
-9.07251e-009
-1.20871e-008
-4.80213e-010
2.04196e-008
3.7632e-008
4.06282e-008
3.02874e-008
1.97462e-008
2.12506e-008
3.41863e-008
4.90808e-008
5.51855e-008
4.47289e-008
1.98499e-008
-5.17119e-009
-1.58427e-008
-1.20617e-008
-6.38654e-009
-9.9567e-009
-2.32713e-008
-3.76726e-008
-4.54348e-008
-4.63527e-008
-4.0489e-008
-2.2563e-008
1.01943e-008
5.1508e-008
8.93159e-008
1.13735e-007
1.23783e-007
1.23432e-007
1.12785e-007
9.29263e-008
7.8153e-008
9.1636e-008
1.42091e-007
2.0776e-007
2.50774e-007
2.48255e-007
2.06432e-007
1.47553e-007
8.9143e-008
3.7177e-008
-5.682e-009
-3.37038e-008
-4.46981e-008
-4.65167e-008
-5.00229e-008
-6.12207e-008
-8.23888e-008
-1.1332e-007
-1.4985e-007
-1.82072e-007
-1.96465e-007
-1.87466e-007
-1.64022e-007
-1.38598e-007
-1.1596e-007
-9.52919e-008
-7.74394e-008
-6.59241e-008
-5.9988e-008
-5.31217e-008
-4.24694e-008
-3.24413e-008
-2.91001e-008
-3.69933e-008
-5.60514e-008
-7.68155e-008
-8.28535e-008
-6.27758e-008
-2.30357e-008
1.39167e-008
2.89739e-008
1.99563e-008
-6.87621e-009
-4.63142e-008
-8.70658e-008
-1.09636e-007
-1.03072e-007
-7.71186e-008
-5.23493e-008
-4.28732e-008
-5.02799e-008
-6.69081e-008
-8.11534e-008
-8.60086e-008
-8.24073e-008
-7.01379e-008
-4.58791e-008
-1.4174e-008
1.38232e-008
3.46682e-008
5.57404e-008
8.48928e-008
1.23058e-007
1.65436e-007
2.04227e-007
2.29517e-007
2.33853e-007
2.21099e-007
2.05304e-007
1.95466e-007
1.88332e-007
1.7782e-007
1.6175e-007
1.40301e-007
1.1646e-007
9.61642e-008
8.28624e-008
7.31044e-008
5.9638e-008
3.98185e-008
1.91246e-008
1.37669e-009
-1.97147e-008
-5.04546e-008
-8.70215e-008
-1.24035e-007
-1.61293e-007
-1.94776e-007
-2.12109e-007
-2.04072e-007
-1.77549e-007
-1.51083e-007
-1.36383e-007
-1.30677e-007
-1.25324e-007
-1.12506e-007
-8.51517e-008
-3.92713e-008
1.93907e-008
7.3913e-008
1.0676e-007
1.13705e-007
1.06318e-007
9.95947e-008
9.9694e-008
1.06408e-007
1.20905e-007
1.43414e-007
1.65943e-007
1.75392e-007
1.65743e-007
1.40581e-007
1.07313e-007
7.82488e-008
6.68724e-008
7.40206e-008
8.62275e-008
8.60599e-008
6.13508e-008
1.61501e-008
-2.74586e-008
-4.91797e-008
-5.11353e-008
-5.38764e-008
-7.24425e-008
-9.92128e-008
-1.12938e-007
-1.04459e-007
-8.84306e-008
-8.5189e-008
-9.85466e-008
-1.18598e-007
-1.36308e-007
-1.47254e-007
-1.47964e-007
-1.36601e-007
-1.18638e-007
-1.05999e-007
-1.04235e-007
-1.04567e-007
-9.45917e-008
-7.18325e-008
-4.17922e-008
-1.10513e-008
1.23273e-008
2.1641e-008
1.91829e-008
1.46177e-008
1.63709e-008
2.62709e-008
3.80904e-008
4.20674e-008
3.70083e-008
3.5223e-008
4.62945e-008
6.2065e-008
6.92738e-008
6.80802e-008
6.89861e-008
7.82585e-008
8.91917e-008
8.69583e-008
6.35198e-008
2.5464e-008
-1.28392e-008
-3.97728e-008
-4.9188e-008
-3.85232e-008
-1.10536e-008
2.20387e-008
4.58089e-008
4.99896e-008
3.88925e-008
3.1436e-008
4.34789e-008

   Record Number: 6
   Aqu. Duration: 9.99424 ms
     Onset Delay: 0 ms
      No. Points: 244
    No. Averages: 700
   No. Artifacts: 0
      Start Time: Mon Dec 14 15:37

    SigGen Index: 4
       Variables: 
                  Polarity = 1 
                  Level = 60 dB
-7.82624e-008
-9.70785e-008
-9.33252e-008
-6.93434e-008
-4.16328e-008
-2.79702e-008
-3.3475e-008
-5.01985e-008
-6.53113e-008
-6.95361e-008
-6.1737e-008
-4.64099e-008
-2.82257e-008
-1.04848e-008
3.70094e-009
1.02681e-008
4.43278e-009
-1.50946e-008
-4.25183e-008
-6.93639e-008
-9.05693e-008
-1.04047e-007
-1.09722e-007
-1.10835e-007
-1.11125e-007
-1.1094e-007
-1.09002e-007
-1.04863e-007
-9.53756e-008
-7.25509e-008
-3.21346e-008
1.91862e-008
7.06346e-008
1.13797e-007
1.39816e-007
1.42866e-007
1.289e-007
1.10882e-007
9.49239e-008
7.65852e-008
5.12003e-008
2.43467e-008
6.50299e-009
-4.93434e-010
-3.36036e-009
-5.81117e-009
-3.91461e-009
9.40078e-009
3.98594e-008
8.72473e-008
1.41339e-007
1.8766e-007
2.17241e-007
2.26527e-007
2.13325e-007
1.78549e-007
1.30185e-007
8.30178e-008
5.16594e-008
4.15507e-008
4.6441e-008
5.34335e-008
5.03243e-008
3.12046e-008
-1.26932e-009
-3.81734e-008
-7.06305e-008
-9.38408e-008
-1.0636e-007
-1.09068e-007
-1.02115e-007
-8.18656e-008
-4.73635e-008
-8.27463e-009
2.08761e-008
3.20677e-008
2.48599e-008
-3.71581e-010
-4.28549e-008
-9.22248e-008
-1.27183e-007
-1.31665e-007
-1.08211e-007
-7.32458e-008
-4.53772e-008
-3.64447e-008
-4.52024e-008
-5.83161e-008
-6.2162e-008
-5.44435e-008
-4.35895e-008
-3.92152e-008
-4.11102e-008
-3.65993e-008
-1.44258e-008
2.10162e-008
5.34913e-008
6.73728e-008
5.58225e-008
2.52646e-008
-6.11131e-009
-2.12517e-008
-1.77575e-008
-4.32602e-009
1.29041e-008
3.28274e-008
5.03962e-008
5.50011e-008
4.2613e-008
2.44647e-008
1.8345e-008
3.24115e-008
5.86966e-008
8.02301e-008
8.44634e-008
7.25261e-008
5.59884e-008
4.52521e-008
4.38573e-008
5.04804e-008
5.854e-008
5.63479e-008
3.64478e-008
5.16382e-009
-2.15063e-008
-3.07624e-008
-2.18185e-008
-5.71974e-009
4.41794e-009
2.62776e-009
-1.07885e-008
-3.05236e-008
-4.54219e-008
-4.55351e-008
-3.10715e-008
-1.135e-008
2.41365e-009
2.94428e-009
-9.22877e-009
-2.91708e-008
-5.58152e-008
-8.88175e-008
-1.18848e-007
-1.29878e-007
-1.13061e-007
-7.7772e-008
-4.52034e-008
-3.05375e-008
-3.42117e-008
-4.48969e-008
-4.80093e-008
-3.56914e-008
-9.32704e-009
2.43545e-008
5.43485e-008
6.76959e-008
5.94271e-008
3.95274e-008
2.54607e-008
2.72288e-008
4.08113e-008
5.53504e-008
6.41075e-008
6.79522e-008
6.88376e-008
6.19527e-008
4.15106e-008
1.415e-008
-4.10996e-009
-4.96602e-009
5.0072e-009
1.23627e-008
8.33529e-009
-5.76023e-009
-2.17146e-008
-3.19982e-008
-3.62248e-008
-3.989e-008
-4.5037e-008
-4.65683e-008
-3.99043e-008
-2.61477e-008
-9.19149e-009
5.35965e-009
9.3279e-009
-2.73177e-009
-2.69386e-008
-5.22988e-008
-6.8235e-008
-6.99139e-008
-6.07575e-008
-4.88456e-008
-3.68983e-008
-2.01457e-008
1.8392e-009
1.89268e-008
2.2726e-008
1.91516e-008
2.20674e-008
3.75022e-008
5.90317e-008
7.73924e-008
8.94388e-008
9.67177e-008
1.02397e-007
1.10664e-007
1.2162e-007
1.30037e-007
1.34355e-007
1.3948e-007
1.49321e-007
1.63981e-007
1.81962e-007
1.99685e-007
2.11607e-007
2.13975e-007
2.07747e-007
1.97773e-007
1.89119e-007
1.83107e-007
1.76788e-007
1.66848e-007
1.53934e-007
1.41559e-007
1.30943e-007
1.18838e-007
9.94274e-008
6.90653e-008
3.12156e-008
-5.35315e-009
-3.40609e-008
-5.5304e-008
-7.5263e-008
-1.01012e-007
-1.3715e-007
-1.86171e-007
-2.47237e-007
-3.11615e-007
-3.63385e-007
-3.89677e-007
-3.91191e-007
-3.79859e-007
-3.65109e-007
-3.49095e-007

   Record Number: 7
   Aqu. Duration: 9.99424 ms
     Onset Delay: 0 ms
      No. Points: 244
    No. Averages: 700
   No. Artifacts: 0
      Start Time: Mon Dec 14 15:37

    SigGen Index: 4
       Variables: 
                  Polarity = 1 
                  Level = 60 dB
1.06859e-007
7.25889e-008
4.63624e-008
3.14923e-008
2.80541e-008
3.43308e-008
4.30986e-008
4.34342e-008
2.82684e-008
-2.52915e-009
-4.24666e-008
-7.90011e-008
-9.87208e-008
-9.68637e-008
-8.3448e-008
-7.73633e-008
-9.23177e-008
-1.29461e-007
-1.78676e-007
-2.23669e-007
-2.52558e-007
-2.67031e-007
-2.78413e-007
-2.95545e-007
-3.16899e-007
-3.30765e-007
-3.22806e-007
-2.86399e-007
-2.27845e-007
-1.61373e-007
-9.78713e-008
-4.01943e-008
1.23809e-008
6.10533e-008
1.08192e-007
1.56263e-007
2.03482e-007
2.41406e-007
2.59339e-007
2.50923e-007
2.17508e-007
1.69062e-007
1.22396e-007
9.63098e-008
1.04563e-007
1.48334e-007
2.13187e-007
2.75653e-007
3.17214e-007
3.33679e-007
3.30494e-007
3.12932e-007
2.86054e-007
2.58554e-007
2.36512e-007
2.16124e-007
1.89562e-007
1.5436e-007
1.1383e-007
7.15477e-008
2.60432e-008
-2.71139e-008
-8.51329e-008
-1.35453e-007
-1.66946e-007
-1.79371e-007
-1.81251e-007
-1.81309e-007
-1.82557e-007
-1.85165e-007
-1.91626e-007
-2.02048e-007
-2.08117e-007
-2.01855e-007
-1.87021e-007
-1.73659e-007
-1.66954e-007
-1.68394e-007
-1.79297e-007
-1.95466e-007
-2.0712e-007
-2.08899e-007
-2.00833e-007
-1.79244e-007
-1.38638e-007
-8.31706e-008
-2.5447e-008
2.67058e-008
7.32327e-008
1.12393e-007
1.37992e-007
1.46861e-007
1.43634e-007
1.37872e-007
1.36651e-007
1.39727e-007
1.43034e-007
1.43428e-007
1.37482e-007
1.21086e-007
9.58199e-008
7.38294e-008
6.98752e-008
8.5832e-008
1.07268e-007
1.16097e-007
1.01709e-007
6.45459e-008
1.85865e-008
-1.39617e-008
-1.98425e-008
-5.76678e-009
9.61263e-009
1.21397e-008
2.44189e-009
-6.27567e-009
-2.41301e-009
9.80045e-009
1.26921e-008
-6.52254e-009
-4.15e-008
-7.2343e-008
-8.40609e-008
-7.69163e-008
-5.98202e-008
-3.83185e-008
-1.28415e-008
1.34385e-008
3.16086e-008
3.15858e-008
9.44711e-009
-2.56732e-008
-5.70498e-008
-7.55964e-008
-8.43292e-008
-9.05667e-008
-9.81449e-008
-1.05451e-007
-1.09915e-007
-1.12333e-007
-1.14984e-007
-1.19057e-007
-1.24868e-007
-1.2918e-007
-1.21957e-007
-9.11714e-008
-3.38349e-008
3.57892e-008
9.28103e-008
1.24887e-007
1.44543e-007
1.70598e-007
2.06319e-007
2.43005e-007
2.72603e-007
2.8918e-007
2.88402e-007
2.70761e-007
2.39476e-007
1.97857e-007
1.55339e-007
1.2769e-007
1.21588e-007
1.26123e-007
1.25698e-007
1.13773e-007
9.08106e-008
5.83743e-008
1.92911e-008
-2.38647e-008
-7.1555e-008
-1.22498e-007
-1.68483e-007
-1.99363e-007
-2.11348e-007
-2.08421e-007
-1.97356e-007
-1.82217e-007
-1.65436e-007
-1.53703e-007
-1.54199e-007
-1.62421e-007
-1.62332e-007
-1.42098e-007
-1.07149e-007
-7.59489e-008
-6.3298e-008
-7.16012e-008
-9.54084e-008
-1.24056e-007
-1.42208e-007
-1.39354e-007
-1.18046e-007
-8.62779e-008
-4.65236e-008
-2.02693e-010
4.15709e-008
6.17749e-008
5.21003e-008
1.87669e-008
-2.34953e-008
-5.91636e-008
-7.79251e-008
-7.68558e-008
-5.73149e-008
-2.2715e-008
2.15328e-008
6.85177e-008
1.09454e-007
1.35357e-007
1.433e-007
1.40811e-007
1.41558e-007
1.56066e-007
1.88048e-007
2.37208e-007
2.98704e-007
3.59325e-007
4.01865e-007
4.16627e-007
4.06228e-007
3.79251e-007
3.40933e-007
2.90063e-007
2.26343e-007
1.61209e-007
1.14482e-007
9.53267e-008
9.12883e-008
7.98873e-008
4.82778e-008
-4.70913e-010
-5.58616e-008
-1.07996e-007
-1.50524e-007
-1.84587e-007
-2.18509e-007
-2.57704e-007
-2.97859e-007
-3.33099e-007
-3.66096e-007
-4.01824e-007
-4.34122e-007
-4.4818e-007

   Record Number: 8
   Aqu. Duration: 9.99424 ms
     Onset Delay: 0 ms
      No. Points: 244
    No. Averages: 700
   No. Artifacts: 0
      Start Time: Mon Dec 14 15:38

    SigGen Index: 5
       Variables: 
                  Polarity = 1 
                  Level = 50 dB
8.97756e-008
8.85659e-008
9.30265e-008
1.07887e-007
1.31379e-007
1.57005e-007
1.75427e-007
1.76502e-007
1.55131e-007
1.17547e-007
7.7556e-008
4.31121e-008
1.12428e-008
-2.27098e-008
-5.84653e-008
-9.31795e-008
-1.22367e-007
-1.39517e-007
-1.42006e-007
-1.37566e-007
-1.39702e-007
-1.53642e-007
-1.69203e-007
-1.72125e-007
-1.59238e-007
-1.38079e-007
-1.18358e-007
-1.07247e-007
-1.07557e-007
-1.19787e-007
-1.44111e-007
-1.76096e-007
-2.03999e-007
-2.14422e-007
-2.01162e-007
-1.6953e-007
-1.31334e-007
-9.53802e-008
-6.48188e-008
-4.09683e-008
-2.31643e-008
-5.31502e-009
2.15744e-008
6.16912e-008
1.10504e-007
1.58671e-007
1.97894e-007
2.2116e-007
2.20768e-007
1.91856e-007
1.38831e-007
7.79235e-008
3.15895e-008
1.47012e-008
2.4658e-008
4.7643e-008
7.2088e-008
9.24638e-008
1.04129e-007
1.02114e-007
8.69436e-008
6.77047e-008
5.73203e-008
6.60525e-008
9.51162e-008
1.30813e-007
1.50191e-007
1.39239e-007
1.02704e-007
5.50231e-008
9.11379e-009
-2.48238e-008
-4.05089e-008
-4.14053e-008
-4.01202e-008
-4.86789e-008
-6.99465e-008
-9.74052e-008
-1.2275e-007
-1.44079e-007
-1.64258e-007
-1.82174e-007
-1.91602e-007
-1.88176e-007
-1.72131e-007
-1.45888e-007
-1.14662e-007
-8.84367e-008
-7.65262e-008
-7.73911e-008
-7.69372e-008
-5.97383e-008
-2.28447e-008
2.05397e-008
5.0699e-008
5.68693e-008
4.70402e-008
4.39827e-008
6.79233e-008
1.19108e-007
1.78479e-007
2.26418e-007
2.5717e-007
2.75075e-007
2.83592e-007
2.82239e-007
2.73415e-007
2.67144e-007
2.72093e-007
2.83367e-007
2.85214e-007
2.63924e-007
2.15802e-007
1.4733e-007
7.18873e-008
7.21834e-009
-2.85205e-008
-2.98037e-008
-1.48777e-008
-1.30224e-008
-3.848e-008
-8.23168e-008
-1.27621e-007
-1.67593e-007
-2.06887e-007
-2.48329e-007
-2.86491e-007
-3.14736e-007
-3.32368e-007
-3.45483e-007
-3.61915e-007
-3.82408e-007
-3.97684e-007
-3.9607e-007
-3.72014e-007
-3.29069e-007
-2.79371e-007
-2.38346e-007
-2.14346e-007
-2.00445e-007
-1.78332e-007
-1.3356e-007
-6.57857e-008
1.35302e-008
8.814e-008
1.45977e-007
1.87336e-007
2.21342e-007
2.50469e-007
2.64453e-007
2.55304e-007
2.30802e-007
2.06341e-007
1.89961e-007
1.8146e-007
1.8098e-007
1.90231e-007
2.04861e-007
2.12753e-007
2.05183e-007
1.85406e-007
1.61308e-007
1.366e-007
1.13676e-007
9.52434e-008
7.8673e-008
5.60978e-008
2.22878e-008
-2.18654e-008
-7.19152e-008
-1.19482e-007
-1.52316e-007
-1.62312e-007
-1.51795e-007
-1.29767e-007
-1.05252e-007
-8.35355e-008
-6.47038e-008
-4.52543e-008
-2.2697e-008
3.14659e-009
3.31533e-008
6.65285e-008
9.55597e-008
1.10875e-007
1.10533e-007
9.88366e-008
8.12898e-008
6.58179e-008
6.47563e-008
8.53514e-008
1.15496e-007
1.30395e-007
1.17598e-007
8.77131e-008
6.18104e-008
5.31282e-008
5.6374e-008
5.14689e-008
2.20315e-008
-2.79942e-008
-7.82871e-008
-1.09055e-007
-1.09362e-007
-7.82621e-008
-3.03284e-008
5.8058e-009
6.15572e-009
-3.06727e-008
-8.44673e-008
-1.29047e-007
-1.47549e-007
-1.36481e-007
-1.02639e-007
-6.0635e-008
-2.59625e-008
-6.14583e-009
-2.33684e-009
-1.35819e-008
-3.20738e-008
-4.1155e-008
-2.76858e-008
4.15299e-009
3.72547e-008
5.86125e-008
6.54332e-008
5.81266e-008
3.72683e-008
7.66735e-009
-2.00529e-008
-3.4722e-008
-3.17874e-008
-1.5136e-008
6.0243e-009
2.18168e-008
2.63169e-008
1.88442e-008
3.02102e-009
-1.35961e-008
-2.32414e-008
-2.44274e-008
-2.35341e-008
-2.99186e-008
-4.95136e-008

   Record Number: 9
   Aqu. Duration: 9.99424 ms
     Onset Delay: 0 ms
      No. Points: 244
    No. Averages: 700
   No. Artifacts: 0
      Start Time: Mon Dec 14 15:38

    SigGen Index: 5
       Variables: 
                  Polarity = 1 
                  Level = 50 dB
-1.33165e-008
-1.39415e-008
1.05145e-008
6.22097e-008
1.33514e-007
2.09839e-007
2.75758e-007
3.18216e-007
3.30828e-007
3.19486e-007
2.96907e-007
2.6826e-007
2.28771e-007
1.78127e-007
1.2761e-007
8.86578e-008
6.20758e-008
3.98299e-008
1.30994e-008
-1.90136e-008
-4.76445e-008
-6.57926e-008
-8.0632e-008
-1.0852e-007
-1.57418e-007
-2.16317e-007
-2.62014e-007
-2.74739e-007
-2.49592e-007
-2.00602e-007
-1.5493e-007
-1.37592e-007
-1.57376e-007
-2.01713e-007
-2.43092e-007
-2.54933e-007
-2.25333e-007
-1.59537e-007
-7.49249e-008
5.06052e-009
6.09739e-008
8.93685e-008
1.01193e-007
1.06539e-007
1.07117e-007
1.0168e-007
8.87163e-008
6.66739e-008
4.11324e-008
2.50417e-008
2.31984e-008
2.29206e-008
4.53596e-009
-4.07758e-008
-1.00497e-007
-1.468e-007
-1.56359e-007
-1.25219e-007
-6.7063e-008
-2.99804e-009
4.72685e-008
7.34743e-008
7.96478e-008
7.73673e-008
7.46612e-008
7.41613e-008
7.68838e-008
8.54452e-008
1.04071e-007
1.29805e-007
1.45718e-007
1.33054e-007
9.16319e-008
4.42754e-008
1.81526e-008
2.15155e-008
4.16748e-008
6.24614e-008
7.55509e-008
7.65716e-008
6.15259e-008
3.40372e-008
1.18102e-008
1.51577e-008
4.46798e-008
7.68848e-008
8.55973e-008
6.43271e-008
2.92027e-008
3.62272e-009
-7.3293e-011
1.45493e-008
3.53668e-008
5.08553e-008
5.7164e-008
5.76145e-008
5.4475e-008
4.81347e-008
4.52761e-008
5.46923e-008
7.42179e-008
9.55534e-008
1.16728e-007
1.35593e-007
1.40866e-007
1.23499e-007
9.00168e-008
5.97041e-008
5.32248e-008
7.71746e-008
1.13275e-007
1.31676e-007
1.1865e-007
8.30552e-008
3.77621e-008
-1.12523e-008
-5.72389e-008
-8.99634e-008
-1.06941e-007
-1.1979e-007
-1.42462e-007
-1.74142e-007
-2.01235e-007
-2.17484e-007
-2.31989e-007
-2.53806e-007
-2.78324e-007
-2.93874e-007
-2.96631e-007
-2.96342e-007
-3.06945e-007
-3.29168e-007
-3.4467e-007
-3.32458e-007
-2.90939e-007
-2.4007e-007
-1.99948e-007
-1.68583e-007
-1.25898e-007
-6.27122e-008
2.81007e-009
4.47483e-008
5.55725e-008
4.50544e-008
2.46223e-008
4.22069e-009
-2.26754e-009
1.827e-008
6.60718e-008
1.26723e-007
1.82413e-007
2.22279e-007
2.42865e-007
2.43348e-007
2.24755e-007
1.94757e-007
1.68776e-007
1.5878e-007
1.59297e-007
1.52407e-007
1.29695e-007
1.00713e-007
7.65758e-008
5.50694e-008
2.76296e-008
-5.90821e-009
-3.51635e-008
-5.04268e-008
-5.39969e-008
-5.80548e-008
-7.3054e-008
-1.01666e-007
-1.3916e-007
-1.76374e-007
-2.04056e-007
-2.1265e-007
-1.93947e-007
-1.52284e-007
-1.06103e-007
-6.81285e-008
-3.15303e-008
1.55615e-008
6.94313e-008
1.14631e-007
1.43426e-007
1.62131e-007
1.80576e-007
2.01704e-007
2.20902e-007
2.3202e-007
2.32269e-007
2.22458e-007
2.06081e-007
1.88397e-007
1.74766e-007
1.70374e-007
1.79362e-007
2.00701e-007
2.24923e-007
2.3651e-007
2.22871e-007
1.84842e-007
1.37346e-007
9.51389e-008
6.01044e-008
2.93644e-008
1.05121e-008
1.54102e-008
3.9543e-008
5.95159e-008
5.3592e-008
2.03261e-008
-2.26225e-008
-5.53807e-008
-7.07215e-008
-7.44524e-008
-7.51754e-008
-7.75878e-008
-8.41283e-008
-9.50039e-008
-1.06226e-007
-1.14119e-007
-1.2079e-007
-1.3036e-007
-1.41603e-007
-1.50701e-007
-1.59143e-007
-1.69856e-007
-1.77852e-007
-1.7452e-007
-1.6164e-007
-1.5229e-007
-1.53439e-007
-1.55772e-007
-1.46124e-007
-1.22273e-007
-9.35552e-008
-7.54289e-008
-8.06935e-008
-1.07242e-007
-1.37744e-007
-1.56261e-007
-1.62602e-007
-1.67754e-007

   Record Number: 10
   Aqu. Duration: 9.99424 ms
     Onset Delay: 0 ms
      No. Points: 244
    No. Averages: 700
   No. Artifacts: 0
      Start Time: Mon Dec 14 15:38

    SigGen Index: 6
       Variables: 
                  Polarity = 1 
                  Level = 40 dB
-1.63286e-007
-1.83186e-007
-1.97704e-007
-2.07555e-007
-2.12381e-007
-2.07911e-007
-1.86702e-007
-1.45013e-007
-8.91444e-008
-3.32786e-008
1.1483e-008
4.63464e-008
8.07698e-008
1.20955e-007
1.67593e-007
2.21367e-007
2.8187e-007
3.42301e-007
3.91453e-007
4.2112e-007
4.28885e-007
4.15222e-007
3.83528e-007
3.43419e-007
3.07885e-007
2.83227e-007
2.63634e-007
2.40511e-007
2.14399e-007
1.91548e-007
1.74219e-007
1.58263e-007
1.35053e-007
9.75809e-008
4.71067e-008
-9.58852e-009
-6.681e-008
-1.20283e-007
-1.65294e-007
-1.97948e-007
-2.15971e-007
-2.18646e-007
-2.11672e-007
-2.09359e-007
-2.22177e-007
-2.435e-007
-2.55924e-007
-2.49289e-007
-2.27524e-007
-1.99638e-007
-1.70407e-007
-1.41488e-007
-1.16683e-007
-9.8124e-008
-7.6626e-008
-3.70052e-008
2.30117e-008
8.76203e-008
1.3828e-007
1.69127e-007
1.86555e-007
1.96763e-007
1.98153e-007
1.88128e-007
1.72715e-007
1.62671e-007
1.60401e-007
1.56774e-007
1.43444e-007
1.2448e-007
1.10874e-007
1.04642e-007
9.34843e-008
6.13684e-008
3.13549e-009
-6.88122e-008
-1.33242e-007
-1.76873e-007
-1.99872e-007
-2.0823e-007
-2.0877e-007
-2.09943e-007
-2.16582e-007
-2.22005e-007
-2.13859e-007
-1.87374e-007
-1.4778e-007
-1.04981e-007
-7.02825e-008
-5.11213e-008
-4.44998e-008
-4.04153e-008
-3.20032e-008
-1.67805e-008
9.3846e-009
4.94664e-008
9.52265e-008
1.28775e-007
1.36856e-007
1.18844e-007
8.33656e-008
4.44895e-008
1.55168e-008
-2.01222e-009
-1.64886e-008
-3.08939e-008
-3.74934e-008
-2.71347e-008
-1.82875e-010
3.07699e-008
4.99998e-008
5.20299e-008
4.62248e-008
4.65052e-008
5.76861e-008
7.48001e-008
8.92115e-008
9.32829e-008
8.85533e-008
8.68391e-008
9.5091e-008
1.04054e-007
9.74685e-008
6.93335e-008
2.87024e-008
-9.22031e-009
-3.30046e-008
-3.97635e-008
-3.50672e-008
-2.94167e-008
-3.21722e-008
-4.39113e-008
-5.55784e-008
-5.78208e-008
-4.92234e-008
-3.71984e-008
-3.30123e-008
-4.22142e-008
-5.91442e-008
-7.42378e-008
-8.58218e-008
-1.01304e-007
-1.26991e-007
-1.58401e-007
-1.827e-007
-1.90878e-007
-1.81759e-007
-1.55979e-007
-1.16941e-007
-7.42964e-008
-3.66745e-008
-4.51724e-009
2.50244e-008
5.06031e-008
7.02613e-008
8.80254e-008
1.07866e-007
1.2494e-007
1.2997e-007
1.20544e-007
1.06486e-007
1.01892e-007
1.09021e-007
1.15083e-007
1.08271e-007
9.04581e-008
7.00496e-008
4.95898e-008
2.7066e-008
4.37867e-009
-1.01191e-008
-6.64335e-009
1.69409e-008
5.03575e-008
7.62841e-008
8.07972e-008
5.95955e-008
1.55875e-008
-4.50215e-008
-1.09423e-007
-1.55333e-007
-1.62449e-007
-1.33074e-007
-9.5627e-008
-7.7787e-008
-8.07863e-008
-8.8511e-008
-8.96958e-008
-8.05675e-008
-5.90522e-008
-2.61105e-008
1.48859e-008
6.23163e-008
1.14216e-007
1.63961e-007
2.02078e-007
2.22163e-007
2.25487e-007
2.19357e-007
2.11285e-007
2.04191e-007
1.9266e-007
1.66789e-007
1.25828e-007
8.27138e-008
5.18378e-008
3.89218e-008
4.15559e-008
4.98574e-008
4.85099e-008
2.92356e-008
5.2716e-010
-2.19297e-008
-3.10516e-008
-3.13703e-008
-3.17063e-008
-3.8013e-008
-4.93415e-008
-5.73627e-008
-5.47708e-008
-4.51364e-008
-3.74189e-008
-3.45559e-008
-3.31929e-008
-2.87311e-008
-1.86597e-008
-6.0019e-009
-1.97383e-009
-2.15173e-008
-6.95451e-008
-1.32738e-007
-1.90066e-007
-2.29514e-007
-2.51163e-007
-2.57743e-007
-2.50409e-007
-2.33026e-007
-2.11541e-007
-1.89772e-007
-1.70911e-007
-1.58285e-007
-1.4997e-007
-1.38186e-007
-1.20508e-007

   Record Number: 11
   Aqu. Duration: 9.99424 ms
     Onset Delay: 0 ms
      No. Points: 244
    No. Averages: 700
   No. Artifacts: 0
      Start Time: Mon Dec 14 15:38

    SigGen Index: 6
       Variables: 
                  Polarity = 1 
                  Level = 40 dB
-1.70967e-007
-1.69191e-007
-1.70454e-007
-1.70373e-007
-1.61916e-007
-1.40869e-007
-1.04483e-007
-5.27843e-008
7.08785e-009
6.3153e-008
1.06438e-007
1.38281e-007
1.71873e-007
2.22164e-007
2.94552e-007
3.83731e-007
4.74372e-007
5.435e-007
5.71519e-007
5.54376e-007
5.0804e-007
4.59188e-007
4.25306e-007
4.05608e-007
3.91174e-007
3.75111e-007
3.53422e-007
3.27239e-007
3.02728e-007
2.8125e-007
2.55809e-007
2.20252e-007
1.75318e-007
1.26801e-007
8.07522e-008
3.92034e-008
7.82881e-010
-3.66895e-008
-7.52369e-008
-1.15122e-007
-1.53436e-007
-1.86208e-007
-2.13532e-007
-2.39835e-007
-2.6666e-007
-2.89548e-007
-3.03217e-007
-3.06199e-007
-3.01005e-007
-2.91794e-007
-2.8057e-007
-2.65325e-007
-2.45025e-007
-2.23893e-007
-2.04559e-007
-1.81035e-007
-1.43818e-007
-9.00277e-008
-2.97378e-008
1.76335e-008
3.76586e-008
3.09619e-008
9.04818e-009
-1.50612e-008
-3.16778e-008
-3.58643e-008
-2.82053e-008
-1.30557e-008
3.58067e-009
1.44365e-008
1.42676e-008
3.49456e-009
-1.33093e-008
-2.99273e-008
-4.00678e-008
-4.00332e-008
-3.07374e-008
-1.8588e-008
-1.51983e-008
-3.25942e-008
-7.25288e-008
-1.18631e-007
-1.44354e-007
-1.32383e-007
-8.5457e-008
-1.99434e-008
4.50917e-008
9.19163e-008
1.08469e-007
9.80683e-008
8.09968e-008
7.63038e-008
8.1522e-008
8.125e-008
7.30623e-008
7.07323e-008
8.64873e-008
1.1892e-007
1.51762e-007
1.64314e-007
1.49604e-007
1.19327e-007
8.89891e-008
6.37808e-008
4.06513e-008
1.63619e-008
-1.06045e-008
-3.69438e-008
-5.11257e-008
-4.36974e-008
-2.13028e-008
-2.96292e-009
-2.39379e-009
-1.50796e-008
-2.18832e-008
-7.13779e-009
2.58462e-008
5.93676e-008
8.12697e-008
9.55207e-008
1.11593e-007
1.29054e-007
1.372e-007
1.27877e-007
1.02493e-007
6.59319e-008
2.09083e-008
-2.91261e-008
-7.57395e-008
-1.08595e-007
-1.25899e-007
-1.38083e-007
-1.54997e-007
-1.72794e-007
-1.79294e-007
-1.7103e-007
-1.58741e-007
-1.53528e-007
-1.53411e-007
-1.47466e-007
-1.30954e-007
-1.13301e-007
-1.0812e-007
-1.15255e-007
-1.18154e-007
-1.02923e-007
-7.40474e-008
-4.61581e-008
-2.71277e-008
-1.46951e-008
-3.66118e-009
9.93749e-009
2.90177e-008
5.49254e-008
8.70641e-008
1.22518e-007
1.51912e-007
1.60015e-007
1.40408e-007
1.058e-007
7.63912e-008
6.29226e-008
6.29762e-008
6.71629e-008
6.4771e-008
4.5042e-008
2.02837e-009
-5.49906e-008
-1.01761e-007
-1.16516e-007
-9.68663e-008
-5.97871e-008
-2.95247e-008
-2.38836e-008
-4.36145e-008
-7.42093e-008
-1.00732e-007
-1.17857e-007
-1.26344e-007
-1.26857e-007
-1.2101e-007
-1.15415e-007
-1.1814e-007
-1.28137e-007
-1.33504e-007
-1.24802e-007
-1.03779e-007
-7.38548e-008
-3.12868e-008
2.5628e-008
8.61215e-008
1.35244e-007
1.6927e-007
1.96483e-007
2.24566e-007
2.51759e-007
2.70669e-007
2.7861e-007
2.81956e-007
2.90236e-007
3.07043e-007
3.25272e-007
3.31905e-007
3.19378e-007
2.90073e-007
2.51638e-007
2.13946e-007
1.88066e-007
1.7916e-007
1.77395e-007
1.62699e-007
1.25501e-007
7.98539e-008
4.85822e-008
3.71627e-008
2.95421e-008
6.62941e-009
-3.65471e-008
-8.74614e-008
-1.27322e-007
-1.46914e-007
-1.50938e-007
-1.50374e-007
-1.52544e-007
-1.56513e-007
-1.57926e-007
-1.57198e-007
-1.63406e-007
-1.8981e-007
-2.41023e-007
-3.06106e-007
-3.66089e-007
-4.05298e-007
-4.19661e-007
-4.18192e-007
-4.12709e-007
-4.04985e-007
-3.86486e-007
-3.50161e-007
-2.98485e-007
-2.39794e-007
-1.81872e-007
-1.29461e-007
-8.4558e-008

