ABR Group Header  ==================================
    Group Number: 0
         Records: 12
  SigGen File #1: C:\ABRs\Stimulus\ClickRX8_Left.sig
  SigGen File #2: 
      Subject ID: 1904
    Reference #1: clickleft4
    Reference #2: pNOE2
            Memo: 
      Start Time: Mon Dec 14 11:59
        End Time: Mon Dec 14 12:03
----------------------------------------------------

   Record Number: 0
   Aqu. Duration: 9.99424 ms
     Onset Delay: 0 ms
      No. Points: 244
    No. Averages: 700
   No. Artifacts: 0
      Start Time: Mon Dec 14 11:59

    SigGen Index: 1
       Variables: 
                  Polarity = 1 
                  Level = 90 dB
4.95269e-008
4.02516e-008
1.69887e-008
-4.4485e-009
-1.51251e-008
-1.95028e-008
-2.67695e-008
-4.2834e-008
-6.87023e-008
-1.00515e-007
-1.29196e-007
-1.43002e-007
-1.34444e-007
-1.0818e-007
-8.21665e-008
-7.55343e-008
-9.29251e-008
-1.21962e-007
-1.43407e-007
-1.43373e-007
-1.20473e-007
-8.6611e-008
-6.19134e-008
-6.13113e-008
-7.8616e-008
-8.67011e-008
-6.08888e-008
-2.8177e-009
6.19089e-008
1.0634e-007
1.18267e-007
9.93358e-008
5.83368e-008
6.84692e-009
-4.48844e-008
-9.02984e-008
-1.2647e-007
-1.54082e-007
-1.72571e-007
-1.72757e-007
-1.39363e-007
-6.41571e-008
3.9894e-008
1.38943e-007
2.03606e-007
2.36691e-007
2.68762e-007
3.25336e-007
4.02883e-007
4.75739e-007
5.1701e-007
5.11722e-007
4.63821e-007
3.95947e-007
3.32001e-007
2.75822e-007
2.12593e-007
1.30589e-007
3.56752e-008
-5.34197e-008
-1.17663e-007
-1.48188e-007
-1.49555e-007
-1.32172e-007
-1.02611e-007
-6.36379e-008
-2.17059e-008
9.53711e-009
1.62575e-008
-5.09332e-009
-4.5233e-008
-8.75787e-008
-1.15478e-007
-1.19157e-007
-1.00543e-007
-6.99854e-008
-3.85757e-008
-1.48575e-008
-1.39808e-009
8.53115e-009
2.43343e-008
4.79537e-008
7.35312e-008
9.45627e-008
1.08497e-007
1.14968e-007
1.11468e-007
9.42335e-008
6.39793e-008
2.55305e-008
-1.74465e-008
-6.22126e-008
-1.06132e-007
-1.4987e-007
-1.95483e-007
-2.42511e-007
-2.91275e-007
-3.42416e-007
-3.8867e-007
-4.15799e-007
-4.14168e-007
-3.85791e-007
-3.41103e-007
-2.90692e-007
-2.39812e-007
-1.90475e-007
-1.47168e-007
-1.15939e-007
-9.67742e-008
-8.29822e-008
-7.03534e-008
-6.19531e-008
-6.33163e-008
-7.41603e-008
-8.30401e-008
-7.50713e-008
-4.80469e-008
-1.30404e-008
2.00188e-008
4.75753e-008
6.65132e-008
7.36112e-008
7.29273e-008
7.77657e-008
1.00273e-007
1.39604e-007
1.82873e-007
2.17789e-007
2.42309e-007
2.61122e-007
2.76467e-007
2.88016e-007
2.99029e-007
3.15694e-007
3.41515e-007
3.74485e-007
4.056e-007
4.20105e-007
4.07482e-007
3.70591e-007
3.20414e-007
2.66535e-007
2.15814e-007
1.72282e-007
1.34154e-007
9.45354e-008
4.81115e-008
-1.8964e-009
-4.49248e-008
-7.28127e-008
-8.87206e-008
-1.04844e-007
-1.27001e-007
-1.44516e-007
-1.44387e-007
-1.31895e-007
-1.24896e-007
-1.28649e-007
-1.30175e-007
-1.21686e-007
-1.16549e-007
-1.35349e-007
-1.86493e-007
-2.62052e-007
-3.41693e-007
-4.0144e-007
-4.26408e-007
-4.17848e-007
-3.90737e-007
-3.64675e-007
-3.53074e-007
-3.57323e-007
-3.66082e-007
-3.58945e-007
-3.20206e-007
-2.55931e-007
-1.91482e-007
-1.48725e-007
-1.31887e-007
-1.33047e-007
-1.39164e-007
-1.3566e-007
-1.15138e-007
-8.18671e-008
-4.26272e-008
1.18431e-009
5.05527e-008
1.06234e-007
1.67878e-007
2.28082e-007
2.70729e-007
2.82087e-007
2.6339e-007
2.29467e-007
1.95237e-007
1.67687e-007
1.50796e-007
1.4946e-007
1.64052e-007
1.85719e-007
2.01134e-007
2.03665e-007
1.98908e-007
1.98065e-007
2.09238e-007
2.33258e-007
2.6085e-007
2.76221e-007
2.70085e-007
2.48495e-007
2.25319e-007
2.07239e-007
1.89801e-007
1.67856e-007
1.46846e-007
1.39887e-007
1.52195e-007
1.73401e-007
1.86563e-007
1.80251e-007
1.53443e-007
1.13639e-007
6.9938e-008
2.79565e-008
-7.06392e-009
-2.94141e-008
-4.16555e-008
-5.63724e-008
-8.3602e-008
-1.22662e-007
-1.65885e-007
-2.032e-007
-2.2491e-007
-2.25559e-007
-2.06832e-007
-1.77061e-007
-1.47599e-007
-1.28562e-007
-1.24756e-007
-1.33909e-007
-1.49606e-007
-1.63308e-007
-1.6535e-007
-1.51579e-007

   Record Number: 1
   Aqu. Duration: 9.99424 ms
     Onset Delay: 0 ms
      No. Points: 244
    No. Averages: 700
   No. Artifacts: 0
      Start Time: Mon Dec 14 11:59

    SigGen Index: 1
       Variables: 
                  Polarity = 1 
                  Level = 90 dB
1.21888e-008
4.24237e-008
5.69321e-008
5.91386e-008
5.67599e-008
5.64453e-008
5.94591e-008
6.1953e-008
5.96789e-008
5.23323e-008
4.34654e-008
3.7598e-008
3.48977e-008
2.75719e-008
7.80817e-009
-1.95549e-008
-3.99354e-008
-4.79229e-008
-5.84139e-008
-9.11144e-008
-1.42e-007
-1.78442e-007
-1.68491e-007
-1.12688e-007
-4.44297e-008
2.96658e-009
2.74681e-008
5.27839e-008
9.76722e-008
1.57718e-007
2.13583e-007
2.51365e-007
2.71894e-007
2.8117e-007
2.80795e-007
2.71529e-007
2.56248e-007
2.34929e-007
2.0418e-007
1.64271e-007
1.22789e-007
9.14755e-008
7.97776e-008
8.74562e-008
1.03146e-007
1.13029e-007
1.09356e-007
9.12577e-008
6.43671e-008
4.01015e-008
2.75987e-008
2.58871e-008
2.84726e-008
3.12548e-008
3.26517e-008
3.10928e-008
2.38684e-008
8.45387e-009
-1.22128e-008
-2.75933e-008
-2.83168e-008
-1.82528e-008
-1.1316e-008
-1.43009e-008
-2.10481e-008
-2.64481e-008
-3.99063e-008
-7.74489e-008
-1.39466e-007
-2.04783e-007
-2.50033e-007
-2.67914e-007
-2.64821e-007
-2.48125e-007
-2.22202e-007
-1.93021e-007
-1.67056e-007
-1.45789e-007
-1.25947e-007
-1.02559e-007
-7.24742e-008
-3.96239e-008
-1.41487e-008
-3.9488e-009
-1.09419e-008
-3.46353e-008
-7.16118e-008
-1.1239e-007
-1.47823e-007
-1.78376e-007
-2.11283e-007
-2.48627e-007
-2.81179e-007
-2.95476e-007
-2.83393e-007
-2.42569e-007
-1.75785e-007
-9.33038e-008
-9.29524e-009
6.55654e-008
1.27642e-007
1.78636e-007
2.21428e-007
2.58172e-007
2.90755e-007
3.19931e-007
3.43545e-007
3.56931e-007
3.54567e-007
3.32477e-007
2.91828e-007
2.36944e-007
1.69284e-007
9.28412e-008
2.38782e-008
-1.94796e-008
-3.52425e-008
-3.25042e-008
-1.68364e-008
6.93795e-009
2.68904e-008
3.02979e-008
1.49933e-008
-1.07384e-008
-3.59841e-008
-5.11351e-008
-5.14182e-008
-4.12496e-008
-2.85698e-008
-1.39698e-008
7.94961e-009
3.75435e-008
6.63995e-008
8.49474e-008
9.07535e-008
8.75794e-008
7.95249e-008
7.11631e-008
6.85934e-008
7.20917e-008
7.2826e-008
6.31278e-008
4.19975e-008
6.89105e-009
-4.79883e-008
-1.19994e-007
-1.94397e-007
-2.56833e-007
-3.02289e-007
-3.30693e-007
-3.41871e-007
-3.38222e-007
-3.27009e-007
-3.152e-007
-3.03943e-007
-2.88733e-007
-2.63128e-007
-2.25849e-007
-1.85126e-007
-1.53272e-007
-1.3916e-007
-1.44294e-007
-1.60267e-007
-1.72628e-007
-1.73589e-007
-1.69715e-007
-1.71718e-007
-1.80048e-007
-1.86823e-007
-1.84762e-007
-1.68814e-007
-1.38543e-007
-1.02153e-007
-7.15349e-008
-5.43677e-008
-5.35941e-008
-6.58986e-008
-7.54605e-008
-6.15865e-008
-1.98678e-008
3.39193e-008
8.14766e-008
1.13764e-007
1.28818e-007
1.29903e-007
1.28033e-007
1.37724e-007
1.64639e-007
1.99125e-007
2.22117e-007
2.18554e-007
1.88435e-007
1.45026e-007
1.04251e-007
7.77419e-008
7.04513e-008
7.76405e-008
8.39285e-008
7.223e-008
3.98125e-008
4.2248e-009
-9.95631e-009
8.23494e-009
4.74866e-008
8.68065e-008
1.13935e-007
1.28549e-007
1.35791e-007
1.43991e-007
1.64172e-007
2.0397e-007
2.56232e-007
2.94912e-007
2.92161e-007
2.43107e-007
1.67577e-007
9.06007e-008
3.11517e-008
1.61506e-009
1.61289e-009
1.40393e-008
1.81487e-008
8.37103e-009
-6.5956e-009
-2.18282e-008
-4.01406e-008
-6.10453e-008
-7.96417e-008
-9.26761e-008
-9.94703e-008
-1.00208e-007
-9.48612e-008
-8.6125e-008
-8.2357e-008
-8.91118e-008
-9.90236e-008
-9.87976e-008
-8.3214e-008
-5.52175e-008
-1.91044e-008
1.65293e-008
3.62102e-008
2.6649e-008
-1.35592e-008

   Record Number: 2
   Aqu. Duration: 9.99424 ms
     Onset Delay: 0 ms
      No. Points: 244
    No. Averages: 700
   No. Artifacts: 0
      Start Time: Mon Dec 14 12:00

    SigGen Index: 2
       Variables: 
                  Polarity = 1 
                  Level = 80 dB
6.63765e-008
7.3132e-008
7.61302e-008
8.10595e-008
9.38764e-008
1.15082e-007
1.37755e-007
1.52013e-007
1.52612e-007
1.41726e-007
1.24898e-007
1.05103e-007
8.14447e-008
5.28385e-008
2.12593e-008
-6.98143e-009
-2.37281e-008
-2.77276e-008
-2.70807e-008
-2.71542e-008
-2.35914e-008
-1.3285e-008
-4.30265e-009
-7.92408e-009
-2.52565e-008
-4.65039e-008
-6.02442e-008
-6.01191e-008
-4.46123e-008
-1.57495e-008
1.89952e-008
4.74271e-008
5.97843e-008
5.49092e-008
3.72352e-008
8.7989e-009
-2.91305e-008
-6.71613e-008
-9.22974e-008
-1.00489e-007
-9.41396e-008
-7.29692e-008
-3.66488e-008
9.88619e-009
5.98575e-008
1.09668e-007
1.59287e-007
2.10958e-007
2.66459e-007
3.21223e-007
3.61974e-007
3.75229e-007
3.5794e-007
3.17475e-007
2.648e-007
2.08005e-007
1.47466e-007
7.82782e-008
9.19237e-011
-7.83859e-008
-1.46889e-007
-2.02394e-007
-2.46285e-007
-2.7552e-007
-2.84596e-007
-2.75455e-007
-2.57481e-007
-2.39313e-007
-2.26966e-007
-2.24946e-007
-2.32021e-007
-2.40212e-007
-2.42808e-007
-2.4214e-007
-2.48068e-007
-2.63727e-007
-2.72134e-007
-2.47872e-007
-1.81814e-007
-8.50171e-008
2.46905e-008
1.3077e-007
2.18312e-007
2.73336e-007
2.85924e-007
2.59105e-007
2.12321e-007
1.68289e-007
1.36693e-007
1.12616e-007
8.55069e-008
4.89574e-008
5.79378e-009
-3.65536e-008
-7.34366e-008
-1.04791e-007
-1.33152e-007
-1.57826e-007
-1.72484e-007
-1.75272e-007
-1.75486e-007
-1.81887e-007
-1.91046e-007
-1.94476e-007
-1.90511e-007
-1.80925e-007
-1.61634e-007
-1.28199e-007
-8.74643e-008
-5.44208e-008
-4.20293e-008
-5.65513e-008
-9.25318e-008
-1.32311e-007
-1.5792e-007
-1.5949e-007
-1.3331e-007
-8.50548e-008
-3.34358e-008
3.44837e-009
2.55907e-008
4.80645e-008
8.25578e-008
1.25442e-007
1.63247e-007
1.87291e-007
2.00587e-007
2.11129e-007
2.21614e-007
2.26754e-007
2.1882e-007
1.95759e-007
1.65854e-007
1.42985e-007
1.36713e-007
1.50146e-007
1.84486e-007
2.38253e-007
3.01438e-007
3.55027e-007
3.80518e-007
3.72785e-007
3.43802e-007
3.10621e-007
2.79636e-007
2.46793e-007
2.08334e-007
1.62312e-007
1.05882e-007
4.2048e-008
-1.52954e-008
-5.08037e-008
-6.04309e-008
-5.54584e-008
-5.68544e-008
-8.10813e-008
-1.29366e-007
-1.90749e-007
-2.47708e-007
-2.80045e-007
-2.77321e-007
-2.49817e-007
-2.20615e-007
-2.07853e-007
-2.16323e-007
-2.40974e-007
-2.71476e-007
-2.94029e-007
-2.98373e-007
-2.87751e-007
-2.76547e-007
-2.75349e-007
-2.81969e-007
-2.86179e-007
-2.77794e-007
-2.50758e-007
-2.0511e-007
-1.48402e-007
-9.38738e-008
-5.29182e-008
-2.84983e-008
-1.66763e-008
-1.08539e-008
-4.0284e-009
8.33126e-009
2.6994e-008
5.0323e-008
7.3769e-008
9.10679e-008
1.01388e-007
1.13014e-007
1.35215e-007
1.67795e-007
2.02645e-007
2.3242e-007
2.52775e-007
2.61069e-007
2.58579e-007
2.50863e-007
2.42219e-007
2.29645e-007
2.04499e-007
1.6271e-007
1.11002e-007
6.08551e-008
2.0456e-008
-6.27728e-009
-1.95615e-008
-2.60817e-008
-3.58911e-008
-5.30566e-008
-7.28816e-008
-8.8871e-008
-9.67511e-008
-9.07667e-008
-6.28389e-008
-1.18442e-008
4.79321e-008
9.26738e-008
1.0406e-007
7.96498e-008
3.25123e-008
-1.61174e-008
-4.52689e-008
-4.43106e-008
-2.2095e-008
-3.11687e-009
-8.46184e-009
-3.95897e-008
-8.14801e-008
-1.17848e-007
-1.40102e-007
-1.46397e-007
-1.38169e-007
-1.18258e-007
-9.10695e-008
-6.24082e-008
-3.68668e-008
-1.62573e-008
-2.44299e-009
1.08858e-009
-4.5783e-009
-9.33144e-009
-3.24779e-009

   Record Number: 3
   Aqu. Duration: 9.99424 ms
     Onset Delay: 0 ms
      No. Points: 244
    No. Averages: 700
   No. Artifacts: 0
      Start Time: Mon Dec 14 12:00

    SigGen Index: 2
       Variables: 
                  Polarity = 1 
                  Level = 80 dB
6.66399e-008
7.957e-008
8.97574e-008
9.67825e-008
9.98751e-008
9.86368e-008
9.40568e-008
8.92829e-008
8.71343e-008
8.71627e-008
8.71582e-008
8.28289e-008
6.66669e-008
3.55069e-008
-1.80544e-009
-2.75134e-008
-2.59803e-008
3.41364e-009
4.43839e-008
7.86802e-008
1.00799e-007
1.16794e-007
1.31687e-007
1.43018e-007
1.48006e-007
1.48525e-007
1.46393e-007
1.4283e-007
1.41049e-007
1.40696e-007
1.35756e-007
1.24912e-007
1.16854e-007
1.20935e-007
1.36536e-007
1.52954e-007
1.58831e-007
1.49412e-007
1.24243e-007
8.60474e-008
4.47014e-008
1.30666e-008
-3.56504e-009
-8.91925e-009
-8.27412e-009
-2.98512e-009
9.21647e-009
2.89091e-008
4.98431e-008
6.23004e-008
6.07233e-008
4.48674e-008
1.63914e-008
-2.00112e-008
-5.05097e-008
-5.6233e-008
-3.3994e-008
-5.29361e-009
5.82136e-009
-3.76268e-009
-1.97652e-008
-2.75829e-008
-2.30816e-008
-1.43605e-008
-1.48911e-008
-3.315e-008
-7.15979e-008
-1.33052e-007
-2.1633e-007
-3.04367e-007
-3.7093e-007
-4.06243e-007
-4.26956e-007
-4.53624e-007
-4.84273e-007
-4.95612e-007
-4.646e-007
-3.85961e-007
-2.76904e-007
-1.68675e-007
-8.6362e-008
-3.28434e-008
4.54962e-009
3.38185e-008
5.24494e-008
5.94305e-008
5.98014e-008
5.51563e-008
4.15028e-008
1.70723e-008
-1.55141e-008
-5.14005e-008
-8.40512e-008
-1.06139e-007
-1.11416e-007
-9.89862e-008
-7.6004e-008
-5.13798e-008
-2.73392e-008
5.68497e-010
3.85241e-008
9.02152e-008
1.52045e-007
2.09079e-007
2.40018e-007
2.35244e-007
2.0972e-007
1.89135e-007
1.85132e-007
1.91063e-007
1.95824e-007
1.93067e-007
1.81357e-007
1.62107e-007
1.35595e-007
9.99504e-008
5.81986e-008
2.2575e-008
9.08533e-009
2.95472e-008
8.46031e-008
1.58481e-007
2.22419e-007
2.5153e-007
2.44185e-007
2.22159e-007
2.08125e-007
2.05668e-007
2.02895e-007
1.88587e-007
1.58085e-007
1.10649e-007
5.33495e-008
3.70356e-009
-2.35496e-008
-2.84619e-008
-1.82455e-008
1.37818e-009
2.2713e-008
3.71696e-008
4.30573e-008
4.27669e-008
3.2333e-008
2.94416e-009
-4.62792e-008
-1.0465e-007
-1.60698e-007
-2.10721e-007
-2.5458e-007
-2.88417e-007
-3.07663e-007
-3.161e-007
-3.26027e-007
-3.47578e-007
-3.77992e-007
-4.01837e-007
-4.05856e-007
-3.91612e-007
-3.68186e-007
-3.3994e-007
-3.06793e-007
-2.68652e-007
-2.27065e-007
-1.86146e-007
-1.50386e-007
-1.20909e-007
-9.66201e-008
-7.67599e-008
-5.8462e-008
-3.49025e-008
-1.97794e-009
3.30102e-008
5.52919e-008
5.70662e-008
4.42848e-008
3.0354e-008
2.62175e-008
3.42002e-008
5.01122e-008
6.94714e-008
8.75481e-008
9.82429e-008
9.88262e-008
9.08928e-008
7.40153e-008
4.40403e-008
1.19225e-009
-4.40047e-008
-7.57924e-008
-7.94704e-008
-4.42387e-008
2.75725e-008
1.12407e-007
1.79714e-007
2.17501e-007
2.36236e-007
2.50087e-007
2.62077e-007
2.67148e-007
2.64653e-007
2.6251e-007
2.66821e-007
2.72049e-007
2.67464e-007
2.51119e-007
2.31096e-007
2.15588e-007
2.06156e-007
1.96452e-007
1.77506e-007
1.48226e-007
1.18002e-007
9.86273e-008
9.55067e-008
1.05432e-007
1.22427e-007
1.41339e-007
1.52807e-007
1.4386e-007
1.10673e-007
6.52856e-008
2.51111e-008
-2.03689e-009
-2.23986e-008
-4.87494e-008
-9.04842e-008
-1.49144e-007
-2.16178e-007
-2.73648e-007
-3.05977e-007
-3.13462e-007
-3.1056e-007
-3.11725e-007
-3.17999e-007
-3.1718e-007
-2.99e-007
-2.65077e-007
-2.2211e-007
-1.74209e-007
-1.2677e-007
-9.03952e-008
-7.16798e-008
-6.41382e-008
-5.87732e-008

   Record Number: 4
   Aqu. Duration: 9.99424 ms
     Onset Delay: 0 ms
      No. Points: 244
    No. Averages: 700
   No. Artifacts: 0
      Start Time: Mon Dec 14 12:01

    SigGen Index: 3
       Variables: 
                  Polarity = 1 
                  Level = 70 dB
-1.28463e-007
-9.40899e-008
-5.84398e-008
-3.36783e-008
-2.3348e-008
-1.95225e-008
-1.18905e-008
-1.75269e-009
-2.43566e-009
-2.28715e-008
-5.51522e-008
-8.12281e-008
-8.84518e-008
-7.63445e-008
-5.22031e-008
-2.37621e-008
5.23584e-009
3.33414e-008
5.56415e-008
6.37412e-008
5.43787e-008
3.53783e-008
2.13201e-008
2.36079e-008
4.24823e-008
6.85522e-008
9.23233e-008
1.07451e-007
1.09347e-007
1.00943e-007
9.41515e-008
9.87062e-008
1.13602e-007
1.31554e-007
1.47831e-007
1.57063e-007
1.45895e-007
1.05105e-007
4.59651e-008
-8.05507e-009
-4.149e-008
-5.45433e-008
-5.58648e-008
-5.08038e-008
-3.79229e-008
-1.56296e-008
1.18263e-008
3.74458e-008
6.01945e-008
8.61895e-008
1.18798e-007
1.51455e-007
1.72105e-007
1.72361e-007
1.51731e-007
1.15461e-007
7.12377e-008
2.73369e-008
-9.28873e-009
-3.61007e-008
-5.79396e-008
-8.43347e-008
-1.20904e-007
-1.64933e-007
-2.06618e-007
-2.29702e-007
-2.20544e-007
-1.86793e-007
-1.5728e-007
-1.55286e-007
-1.79798e-007
-2.14304e-007
-2.4271e-007
-2.54136e-007
-2.41914e-007
-2.04794e-007
-1.49419e-007
-8.91422e-008
-3.75178e-008
-1.95212e-009
1.68883e-008
2.16915e-008
1.73737e-008
1.21831e-008
1.40434e-008
2.41318e-008
3.75457e-008
5.1397e-008
6.95046e-008
9.62468e-008
1.28811e-007
1.5871e-007
1.76732e-007
1.74725e-007
1.48277e-007
1.02585e-007
5.26666e-008
1.12696e-008
-2.06051e-008
-4.63955e-008
-6.44843e-008
-7.20029e-008
-7.25754e-008
-7.51356e-008
-8.42688e-008
-9.22197e-008
-8.40638e-008
-5.28783e-008
-8.8613e-009
2.55995e-008
3.09575e-008
5.17899e-009
-3.56922e-008
-7.28599e-008
-9.91312e-008
-1.20207e-007
-1.46645e-007
-1.83392e-007
-2.24737e-007
-2.58507e-007
-2.75084e-007
-2.74935e-007
-2.66231e-007
-2.53479e-007
-2.32148e-007
-1.93152e-007
-1.29309e-007
-4.28943e-008
5.17893e-008
1.38708e-007
2.08736e-007
2.55914e-007
2.7615e-007
2.7141e-007
2.47084e-007
2.09239e-007
1.70395e-007
1.48568e-007
1.51471e-007
1.69301e-007
1.9076e-007
2.14455e-007
2.35663e-007
2.38503e-007
2.13397e-007
1.70652e-007
1.31008e-007
1.12129e-007
1.22395e-007
1.54225e-007
1.8249e-007
1.79935e-007
1.38996e-007
7.79117e-008
2.53449e-008
1.79139e-010
4.76934e-009
3.0328e-008
6.34286e-008
8.86439e-008
9.15165e-008
6.78939e-008
2.98493e-008
-5.57248e-009
-3.29797e-008
-5.79799e-008
-8.29376e-008
-1.01756e-007
-1.07371e-007
-9.87767e-008
-8.25795e-008
-6.91898e-008
-6.52475e-008
-7.03838e-008
-8.23529e-008
-1.02426e-007
-1.33859e-007
-1.77376e-007
-2.27543e-007
-2.71788e-007
-2.96386e-007
-2.94992e-007
-2.72196e-007
-2.4216e-007
-2.19956e-007
-2.08066e-007
-1.94404e-007
-1.68511e-007
-1.35706e-007
-1.09581e-007
-9.69826e-008
-9.78337e-008
-1.12711e-007
-1.41801e-007
-1.78242e-007
-2.08665e-007
-2.2271e-007
-2.20319e-007
-2.08552e-007
-1.92385e-007
-1.71592e-007
-1.47092e-007
-1.2272e-007
-9.63753e-008
-5.96581e-008
-1.34769e-008
2.57524e-008
4.26409e-008
3.83605e-008
2.75132e-008
2.73822e-008
4.91862e-008
9.07011e-008
1.35767e-007
1.66343e-007
1.78172e-007
1.83431e-007
1.98191e-007
2.29282e-007
2.70369e-007
3.06744e-007
3.24585e-007
3.1735e-007
2.86951e-007
2.43094e-007
2.00643e-007
1.72354e-007
1.59871e-007
1.53322e-007
1.41647e-007
1.21221e-007
9.82071e-008
8.70223e-008
9.85814e-008
1.24672e-007
1.40136e-007
1.23042e-007
7.14042e-008
3.70609e-009
-5.34297e-008
-8.10391e-008
-7.9189e-008
-6.55606e-008
-5.94988e-008

   Record Number: 5
   Aqu. Duration: 9.99424 ms
     Onset Delay: 0 ms
      No. Points: 244
    No. Averages: 700
   No. Artifacts: 0
      Start Time: Mon Dec 14 12:01

    SigGen Index: 3
       Variables: 
                  Polarity = 1 
                  Level = 70 dB
-1.09915e-008
-2.22076e-008
-2.89036e-008
-3.01743e-008
-2.94059e-008
-2.87919e-008
-3.00111e-008
-3.64464e-008
-4.93793e-008
-6.38581e-008
-7.2082e-008
-7.14916e-008
-6.87401e-008
-7.22237e-008
-8.02573e-008
-8.27284e-008
-7.39532e-008
-5.78436e-008
-4.46054e-008
-4.60454e-008
-6.47762e-008
-8.5755e-008
-8.73425e-008
-6.1603e-008
-2.04057e-008
1.48981e-008
2.68653e-008
1.25635e-008
-1.18118e-008
-2.24553e-008
-8.64768e-009
2.18649e-008
5.57311e-008
8.53359e-008
1.0851e-007
1.2425e-007
1.31789e-007
1.30385e-007
1.18201e-007
9.3413e-008
5.82196e-008
2.29307e-008
4.41645e-009
1.45884e-008
4.67606e-008
7.59028e-008
7.63646e-008
4.25109e-008
-7.27723e-009
-4.72823e-008
-6.23446e-008
-5.15127e-008
-2.44288e-008
3.64459e-009
2.10927e-008
2.59424e-008
2.15134e-008
1.15183e-008
1.50643e-009
6.75278e-010
1.72008e-008
4.81484e-008
7.80065e-008
9.46116e-008
1.03e-007
1.14636e-007
1.26286e-007
1.20846e-007
8.83083e-008
3.69212e-008
-1.56408e-008
-5.72663e-008
-8.84368e-008
-1.15506e-007
-1.38807e-007
-1.52091e-007
-1.53251e-007
-1.48701e-007
-1.44996e-007
-1.41887e-007
-1.36887e-007
-1.31927e-007
-1.30472e-007
-1.29209e-007
-1.17139e-007
-8.55073e-008
-3.82191e-008
9.92039e-009
4.58965e-008
6.55562e-008
6.98654e-008
6.30206e-008
5.22662e-008
4.13561e-008
2.56542e-008
-2.45242e-009
-4.32502e-008
-8.53894e-008
-1.12699e-007
-1.15346e-007
-9.51591e-008
-6.22491e-008
-2.68517e-008
4.18985e-009
2.52093e-008
3.5297e-008
4.39934e-008
6.50277e-008
1.03912e-007
1.52211e-007
1.90923e-007
2.02674e-007
1.8547e-007
1.52569e-007
1.18607e-007
9.04811e-008
6.92445e-008
5.27562e-008
3.73392e-008
2.16498e-008
6.3438e-009
-1.01422e-008
-3.01425e-008
-5.33678e-008
-7.75308e-008
-9.56908e-008
-9.3222e-008
-5.93225e-008
-4.2121e-009
4.60978e-008
7.45305e-008
8.42012e-008
8.8474e-008
9.75976e-008
1.10384e-007
1.1564e-007
1.05128e-007
8.22456e-008
5.64822e-008
3.6597e-008
2.78711e-008
2.96221e-008
3.70491e-008
4.33774e-008
3.84025e-008
1.32695e-008
-2.79681e-008
-6.4649e-008
-7.30964e-008
-4.76346e-008
-7.10781e-009
2.00844e-008
1.63895e-008
-1.42795e-008
-5.01911e-008
-6.99572e-008
-7.17048e-008
-7.0163e-008
-7.47697e-008
-7.9591e-008
-7.46258e-008
-5.80444e-008
-3.77042e-008
-2.58173e-008
-3.06103e-008
-4.80909e-008
-6.33627e-008
-6.58557e-008
-5.82401e-008
-4.76253e-008
-3.89603e-008
-3.71636e-008
-4.67087e-008
-6.87334e-008
-9.8974e-008
-1.2825e-007
-1.48325e-007
-1.575e-007
-1.5843e-007
-1.52849e-007
-1.40194e-007
-1.18785e-007
-8.89234e-008
-5.69003e-008
-3.06319e-008
-9.00847e-009
1.47676e-008
3.70279e-008
4.2773e-008
2.55955e-008
-6.8787e-011
-1.2225e-008
-3.48445e-009
1.32814e-008
1.97557e-008
9.02657e-009
-1.24376e-008
-3.32107e-008
-4.37359e-008
-4.06856e-008
-2.92608e-008
-1.8582e-008
-1.29189e-008
-9.60778e-009
-5.70389e-009
-3.19782e-009
-5.12997e-009
-8.20664e-009
-5.08318e-009
4.21572e-009
9.64193e-009
3.19936e-009
-1.13459e-008
-2.30392e-008
-2.24379e-008
-4.24684e-009
3.13768e-008
7.7821e-008
1.27945e-007
1.80133e-007
2.3134e-007
2.66811e-007
2.6869e-007
2.35749e-007
1.84228e-007
1.30907e-007
8.46752e-008
5.06773e-008
3.32069e-008
3.12895e-008
3.35573e-008
2.47011e-008
1.81036e-009
-1.98919e-008
-2.26234e-008
-5.40565e-009
1.63837e-008
2.96002e-008
3.34439e-008
2.92252e-008
1.42769e-008
-8.92901e-009
-3.17668e-008
-4.79584e-008

   Record Number: 6
   Aqu. Duration: 9.99424 ms
     Onset Delay: 0 ms
      No. Points: 244
    No. Averages: 700
   No. Artifacts: 0
      Start Time: Mon Dec 14 12:01

    SigGen Index: 4
       Variables: 
                  Polarity = 1 
                  Level = 60 dB
1.27019e-007
1.42058e-007
1.63487e-007
1.79493e-007
1.84098e-007
1.81509e-007
1.80093e-007
1.82138e-007
1.83935e-007
1.80014e-007
1.63707e-007
1.28774e-007
7.45568e-008
1.05828e-008
-4.44309e-008
-7.16558e-008
-6.4183e-008
-3.09832e-008
8.94268e-009
3.55e-008
3.88146e-008
2.62022e-008
1.31466e-008
8.26864e-009
1.0268e-008
1.63746e-008
2.91502e-008
5.16417e-008
7.76687e-008
9.28379e-008
8.66734e-008
6.1413e-008
2.74465e-008
-7.38722e-009
-4.00054e-008
-6.81263e-008
-9.06466e-008
-1.07788e-007
-1.18686e-007
-1.24839e-007
-1.33686e-007
-1.50986e-007
-1.72446e-007
-1.89146e-007
-1.97873e-007
-2.01099e-007
-1.99272e-007
-1.87982e-007
-1.64539e-007
-1.34572e-007
-1.08946e-007
-9.55846e-008
-9.44069e-008
-9.69463e-008
-9.11823e-008
-6.93686e-008
-3.28995e-008
8.45998e-009
4.26781e-008
6.27601e-008
6.90748e-008
6.68794e-008
6.25498e-008
6.08057e-008
6.41284e-008
7.22236e-008
8.15273e-008
8.72979e-008
8.64426e-008
7.96604e-008
7.04436e-008
5.95259e-008
4.45882e-008
2.84566e-008
2.21199e-008
3.4714e-008
6.13066e-008
8.6188e-008
1.01469e-007
1.15505e-007
1.38054e-007
1.66765e-007
1.93917e-007
2.16085e-007
2.32677e-007
2.4247e-007
2.42402e-007
2.27178e-007
1.94182e-007
1.48009e-007
9.50743e-008
3.8413e-008
-1.75069e-008
-6.46506e-008
-9.85045e-008
-1.20207e-007
-1.31429e-007
-1.34459e-007
-1.37752e-007
-1.56284e-007
-2.00895e-007
-2.64945e-007
-3.23613e-007
-3.49833e-007
-3.35013e-007
-2.95265e-007
-2.55591e-007
-2.29797e-007
-2.15744e-007
-2.03575e-007
-1.85225e-007
-1.57945e-007
-1.22487e-007
-8.25646e-008
-4.6495e-008
-2.43978e-008
-1.8752e-008
-1.98421e-008
-1.6091e-008
-5.25479e-009
8.12514e-009
1.93551e-008
2.46745e-008
2.1395e-008
9.82616e-009
-5.0563e-009
-1.16884e-008
4.71204e-009
4.86229e-008
1.07143e-007
1.60621e-007
1.95228e-007
2.07427e-007
2.03476e-007
1.93972e-007
1.86007e-007
1.79025e-007
1.66962e-007
1.45265e-007
1.17763e-007
9.67454e-008
9.38231e-008
1.09603e-007
1.33618e-007
1.5297e-007
1.60663e-007
1.60299e-007
1.60804e-007
1.62418e-007
1.5527e-007
1.33401e-007
1.01723e-007
6.95373e-008
4.11542e-008
1.29245e-008
-2.03357e-008
-5.73849e-008
-9.05749e-008
-1.13129e-007
-1.23449e-007
-1.21233e-007
-1.05501e-007
-8.04501e-008
-5.98812e-008
-6.20449e-008
-9.57893e-008
-1.4915e-007
-1.93982e-007
-2.04063e-007
-1.71638e-007
-1.12462e-007
-5.62848e-008
-2.83244e-008
-3.63527e-008
-6.87812e-008
-9.95927e-008
-1.03067e-007
-7.55011e-008
-4.10316e-008
-2.89242e-008
-4.67856e-008
-7.91938e-008
-1.0721e-007
-1.21562e-007
-1.18208e-007
-9.31102e-008
-4.90771e-008
-2.33824e-009
2.66085e-008
3.04854e-008
1.97134e-008
1.11789e-008
1.65732e-008
3.74652e-008
6.70563e-008
9.75377e-008
1.25008e-007
1.4462e-007
1.45383e-007
1.18213e-007
6.73597e-008
9.27256e-009
-3.56931e-008
-5.05066e-008
-2.83463e-008
2.34034e-008
8.63549e-008
1.40616e-007
1.74533e-007
1.87092e-007
1.83608e-007
1.72089e-007
1.59169e-007
1.46008e-007
1.32867e-007
1.2458e-007
1.23959e-007
1.25814e-007
1.2459e-007
1.19955e-007
1.09861e-007
8.8814e-008
5.71673e-008
2.25162e-008
-9.73708e-009
-3.85598e-008
-6.0023e-008
-6.81728e-008
-6.60318e-008
-6.84072e-008
-9.10201e-008
-1.37668e-007
-1.95179e-007
-2.42312e-007
-2.66915e-007
-2.71677e-007
-2.64391e-007
-2.48218e-007
-2.21806e-007
-1.86382e-007
-1.49187e-007
-1.17921e-007
-9.56113e-008
-8.31559e-008

   Record Number: 7
   Aqu. Duration: 9.99424 ms
     Onset Delay: 0 ms
      No. Points: 244
    No. Averages: 700
   No. Artifacts: 0
      Start Time: Mon Dec 14 12:01

    SigGen Index: 4
       Variables: 
                  Polarity = 1 
                  Level = 60 dB
1.02946e-007
1.07906e-007
1.16502e-007
1.28075e-007
1.38098e-007
1.40704e-007
1.29562e-007
1.02968e-007
7.19223e-008
5.30359e-008
4.87272e-008
4.13632e-008
1.17369e-008
-3.93103e-008
-9.07269e-008
-1.2016e-007
-1.19209e-007
-9.33298e-008
-5.33222e-008
-9.48235e-009
2.62575e-008
3.99407e-008
2.80623e-008
7.50657e-009
1.11005e-009
1.45547e-008
3.63502e-008
5.36346e-008
5.88821e-008
4.93674e-008
2.62394e-008
-7.86595e-009
-4.7753e-008
-8.35065e-008
-1.05942e-007
-1.13093e-007
-1.06817e-007
-8.66064e-008
-5.27884e-008
-1.40566e-008
1.31497e-008
1.52625e-008
-6.0876e-009
-3.15016e-008
-3.69932e-008
-1.50933e-008
1.66661e-008
3.25801e-008
2.23417e-008
-5.1742e-009
-3.41982e-008
-5.28119e-008
-5.7502e-008
-5.32692e-008
-4.99348e-008
-5.48851e-008
-6.60597e-008
-7.45025e-008
-7.47239e-008
-6.62426e-008
-4.55695e-008
-8.60661e-009
3.60218e-008
6.83225e-008
7.85427e-008
7.94569e-008
9.10024e-008
1.19159e-007
1.52911e-007
1.75358e-007
1.77877e-007
1.65784e-007
1.48763e-007
1.30535e-007
1.09971e-007
8.5793e-008
5.75648e-008
2.50551e-008
-9.6061e-009
-3.9647e-008
-5.76603e-008
-5.9874e-008
-4.53136e-008
-1.72517e-008
1.53898e-008
4.25883e-008
5.67895e-008
5.46332e-008
3.96585e-008
1.98762e-008
8.74731e-010
-1.59097e-008
-3.02634e-008
-4.41937e-008
-6.31118e-008
-8.94171e-008
-1.16405e-007
-1.33307e-007
-1.36897e-007
-1.34722e-007
-1.36951e-007
-1.50397e-007
-1.76632e-007
-2.0719e-007
-2.25882e-007
-2.23359e-007
-2.04299e-007
-1.76608e-007
-1.40613e-007
-9.47119e-008
-4.50783e-008
-1.25511e-009
3.29206e-008
5.74384e-008
7.11992e-008
7.34454e-008
6.56163e-008
5.26561e-008
4.49725e-008
5.21138e-008
7.22874e-008
9.33834e-008
1.02585e-007
9.36502e-008
7.09776e-008
4.88832e-008
4.15108e-008
5.03544e-008
6.48995e-008
7.61629e-008
8.46904e-008
9.32314e-008
9.83974e-008
9.66004e-008
9.20576e-008
9.10646e-008
9.35332e-008
9.42947e-008
8.92107e-008
7.92533e-008
6.92385e-008
6.22204e-008
5.60421e-008
4.68971e-008
3.58152e-008
2.76413e-008
2.41837e-008
2.3948e-008
2.68604e-008
3.48715e-008
4.91353e-008
6.69731e-008
8.03648e-008
7.89486e-008
5.76124e-008
2.11595e-008
-2.02712e-008
-5.90788e-008
-9.18026e-008
-1.13027e-007
-1.12267e-007
-8.51046e-008
-4.68854e-008
-2.43342e-008
-2.88499e-008
-4.63808e-008
-5.68908e-008
-5.31835e-008
-3.81809e-008
-1.75149e-008
-3.18919e-010
2.93897e-009
-1.0109e-008
-3.04455e-008
-4.63431e-008
-5.04698e-008
-3.90084e-008
-1.42797e-008
1.17099e-008
2.47711e-008
2.06325e-008
1.0606e-008
1.3604e-008
3.70046e-008
6.67879e-008
7.99381e-008
6.6837e-008
3.96018e-008
1.93987e-008
1.87255e-008
3.31117e-008
4.78541e-008
5.35556e-008
5.17568e-008
4.64328e-008
3.80111e-008
2.60114e-008
1.04235e-008
-8.66743e-009
-2.74763e-008
-3.71786e-008
-3.13236e-008
-1.41149e-008
1.28919e-009
4.75843e-009
-1.61379e-010
-1.25684e-009
6.86832e-009
1.82559e-008
2.35361e-008
1.59126e-008
-4.91518e-009
-2.96179e-008
-4.56216e-008
-4.90983e-008
-4.81091e-008
-5.42523e-008
-7.11151e-008
-9.12453e-008
-1.0516e-007
-1.09421e-007
-1.05036e-007
-9.20141e-008
-6.92367e-008
-4.15988e-008
-2.04157e-008
-1.1195e-008
-8.32917e-009
-3.88243e-009
5.37182e-009
1.66292e-008
2.07596e-008
8.52285e-009
-1.8969e-008
-4.98272e-008
-7.22236e-008
-8.24978e-008
-8.24307e-008
-7.29382e-008
-5.45117e-008
-3.26635e-008
-1.80899e-008
-1.79556e-008
-2.73187e-008

   Record Number: 8
   Aqu. Duration: 9.99424 ms
     Onset Delay: 0 ms
      No. Points: 244
    No. Averages: 700
   No. Artifacts: 0
      Start Time: Mon Dec 14 12:02

    SigGen Index: 5
       Variables: 
                  Polarity = 1 
                  Level = 50 dB
4.84515e-009
1.04489e-008
-2.5487e-008
-8.34306e-008
-1.32722e-007
-1.58173e-007
-1.64957e-007
-1.6251e-007
-1.53195e-007
-1.34339e-007
-1.01597e-007
-5.08892e-008
1.64695e-008
9.09024e-008
1.58094e-007
2.04846e-007
2.26028e-007
2.27868e-007
2.20556e-007
2.09674e-007
1.971e-007
1.84466e-007
1.74824e-007
1.73372e-007
1.83595e-007
2.0283e-007
2.23761e-007
2.3934e-007
2.46118e-007
2.41969e-007
2.21177e-007
1.77426e-007
1.13536e-007
4.1931e-008
-2.54126e-008
-8.10309e-008
-1.2086e-007
-1.48114e-007
-1.72275e-007
-1.974e-007
-2.15685e-007
-2.15725e-007
-1.94825e-007
-1.61026e-007
-1.24953e-007
-9.22515e-008
-6.24322e-008
-3.31093e-008
-5.08295e-009
1.63181e-008
2.52975e-008
2.3864e-008
2.52078e-008
4.29178e-008
7.5902e-008
1.07547e-007
1.18758e-007
9.97818e-008
5.40062e-008
-4.49925e-009
-6.10298e-008
-1.10361e-007
-1.52416e-007
-1.83197e-007
-1.97687e-007
-1.96468e-007
-1.85121e-007
-1.68478e-007
-1.47588e-007
-1.25039e-007
-1.07953e-007
-9.96123e-008
-9.43406e-008
-8.51549e-008
-7.08192e-008
-5.35305e-008
-3.43006e-008
-1.15938e-008
1.68089e-008
4.86671e-008
7.33094e-008
7.82329e-008
6.32596e-008
4.36148e-008
3.65556e-008
4.87192e-008
7.74269e-008
1.18672e-007
1.6827e-007
2.18168e-007
2.59182e-007
2.86029e-007
2.93658e-007
2.7464e-007
2.28335e-007
1.66845e-007
1.07198e-007
6.20263e-008
3.70858e-008
3.07859e-008
3.30737e-008
2.86841e-008
6.9859e-009
-3.05129e-008
-7.43919e-008
-1.16942e-007
-1.52436e-007
-1.72292e-007
-1.70399e-007
-1.51415e-007
-1.28193e-007
-1.13341e-007
-1.12889e-007
-1.24076e-007
-1.37263e-007
-1.39354e-007
-1.19631e-007
-7.83405e-008
-3.01428e-008
3.06062e-009
5.86848e-009
-2.14264e-008
-6.59409e-008
-1.10926e-007
-1.41978e-007
-1.52501e-007
-1.4784e-007
-1.40503e-007
-1.37025e-007
-1.33052e-007
-1.25586e-007
-1.22457e-007
-1.32144e-007
-1.51441e-007
-1.69831e-007
-1.79724e-007
-1.77669e-007
-1.6204e-007
-1.35375e-007
-1.05169e-007
-7.87241e-008
-5.91822e-008
-4.52416e-008
-2.96175e-008
1.33798e-009
5.86833e-008
1.37917e-007
2.19535e-007
2.83911e-007
3.22468e-007
3.36531e-007
3.29436e-007
3.03088e-007
2.65311e-007
2.34433e-007
2.28594e-007
2.51977e-007
2.92142e-007
3.27896e-007
3.39907e-007
3.1722e-007
2.60546e-007
1.82336e-007
1.00871e-007
3.27904e-008
-1.34055e-008
-4.2967e-008
-7.16221e-008
-1.11855e-007
-1.61811e-007
-2.07219e-007
-2.33122e-007
-2.33234e-007
-2.11198e-007
-1.78352e-007
-1.48189e-007
-1.27512e-007
-1.13147e-007
-9.70286e-008
-7.19831e-008
-3.53446e-008
5.89068e-009
3.61349e-008
4.67495e-008
4.46761e-008
3.88823e-008
2.92625e-008
1.20841e-008
-1.47289e-008
-5.21992e-008
-9.77735e-008
-1.42295e-007
-1.7536e-007
-1.93749e-007
-2.01623e-007
-2.04579e-007
-2.06615e-007
-2.11294e-007
-2.22247e-007
-2.40325e-007
-2.60413e-007
-2.73021e-007
-2.71495e-007
-2.58627e-007
-2.44141e-007
-2.34142e-007
-2.23246e-007
-1.97123e-007
-1.43838e-007
-6.5604e-008
1.80744e-008
8.11126e-008
1.11085e-007
1.21688e-007
1.42742e-007
1.94017e-007
2.67629e-007
3.38116e-007
3.87223e-007
4.14274e-007
4.26362e-007
4.25459e-007
4.06751e-007
3.68063e-007
3.17615e-007
2.65869e-007
2.11694e-007
1.49849e-007
8.88167e-008
4.43987e-008
1.8331e-008
-3.6709e-009
-3.41696e-008
-7.22488e-008
-1.07713e-007
-1.30519e-007
-1.36187e-007
-1.28167e-007
-1.18235e-007
-1.18936e-007
-1.30361e-007
-1.38965e-007
-1.32097e-007
-1.08333e-007

   Record Number: 9
   Aqu. Duration: 9.99424 ms
     Onset Delay: 0 ms
      No. Points: 244
    No. Averages: 700
   No. Artifacts: 0
      Start Time: Mon Dec 14 12:02

    SigGen Index: 5
       Variables: 
                  Polarity = 1 
                  Level = 50 dB
3.28935e-008
3.21736e-008
2.58884e-008
1.57125e-008
9.39105e-009
6.75899e-009
-1.88122e-009
-1.89243e-008
-3.26465e-008
-3.11635e-008
-1.41202e-008
1.02007e-008
3.24252e-008
4.61388e-008
4.71945e-008
3.45397e-008
1.73091e-008
1.3382e-008
3.37772e-008
7.29394e-008
1.12086e-007
1.30643e-007
1.21562e-007
9.50267e-008
6.93125e-008
6.25256e-008
8.26298e-008
1.18689e-007
1.48588e-007
1.5699e-007
1.42146e-007
1.0991e-007
7.10866e-008
3.96342e-008
2.15978e-008
9.88445e-009
-6.76554e-009
-3.5234e-008
-7.38438e-008
-1.11128e-007
-1.33592e-007
-1.36687e-007
-1.26099e-007
-1.11029e-007
-9.85904e-008
-8.96448e-008
-7.82256e-008
-6.186e-008
-4.91786e-008
-4.80338e-008
-5.30141e-008
-5.28044e-008
-4.24797e-008
-2.32739e-008
1.89125e-009
2.70511e-008
4.3697e-008
4.71345e-008
4.00473e-008
2.97442e-008
2.12696e-008
1.13042e-008
-8.4143e-009
-3.93385e-008
-7.2566e-008
-1.00662e-007
-1.24884e-007
-1.45916e-007
-1.57343e-007
-1.51442e-007
-1.24182e-007
-7.81613e-008
-2.7739e-008
6.3599e-009
1.47746e-008
5.88218e-009
-6.67151e-009
-1.50327e-008
-1.58199e-008
-6.67355e-009
1.14603e-008
3.30972e-008
5.13937e-008
5.9653e-008
5.33363e-008
3.7521e-008
3.05926e-008
5.21196e-008
1.03511e-007
1.64349e-007
2.08431e-007
2.21852e-007
2.08685e-007
1.82405e-007
1.53818e-007
1.28075e-007
1.07664e-007
9.1144e-008
7.17501e-008
4.60455e-008
2.20699e-008
1.0997e-008
1.27933e-008
1.43827e-008
1.6669e-010
-3.53739e-008
-8.20947e-008
-1.21466e-007
-1.41238e-007
-1.41575e-007
-1.29415e-007
-1.12758e-007
-9.68151e-008
-8.08238e-008
-6.33406e-008
-4.90609e-008
-4.29179e-008
-4.12094e-008
-3.39455e-008
-1.59351e-008
4.02923e-009
9.79397e-009
-2.93395e-009
-2.05941e-008
-2.70595e-008
-2.0494e-008
-1.52945e-008
-2.80121e-008
-6.14922e-008
-1.04352e-007
-1.42881e-007
-1.70088e-007
-1.8529e-007
-1.88154e-007
-1.75915e-007
-1.48909e-007
-1.16571e-007
-9.23565e-008
-8.23249e-008
-8.20183e-008
-8.42573e-008
-8.66226e-008
-8.93711e-008
-8.94386e-008
-8.13215e-008
-6.35068e-008
-4.08735e-008
-1.99377e-008
-3.14792e-009
1.36972e-008
3.87447e-008
7.33616e-008
1.07281e-007
1.31587e-007
1.48658e-007
1.6467e-007
1.81818e-007
1.98945e-007
2.13401e-007
2.21076e-007
2.14241e-007
1.8459e-007
1.3701e-007
9.35744e-008
7.27494e-008
7.1001e-008
7.27708e-008
6.90093e-008
5.80064e-008
3.7893e-008
7.04829e-009
-3.05531e-008
-6.25107e-008
-7.36898e-008
-6.05091e-008
-3.8335e-008
-2.79005e-008
-3.33878e-008
-4.07908e-008
-3.68351e-008
-1.958e-008
4.49245e-009
2.3611e-008
2.80656e-008
1.8537e-008
2.32323e-009
-1.50112e-008
-3.13343e-008
-4.55679e-008
-5.59195e-008
-6.00846e-008
-5.75602e-008
-5.19148e-008
-4.84791e-008
-4.96369e-008
-5.33937e-008
-5.46691e-008
-4.8995e-008
-3.86576e-008
-3.60198e-008
-5.65502e-008
-1.03405e-007
-1.60352e-007
-2.03933e-007
-2.23636e-007
-2.29112e-007
-2.34338e-007
-2.35489e-007
-2.126e-007
-1.54277e-007
-7.30366e-008
5.48694e-009
6.46662e-008
1.0553e-007
1.36392e-007
1.60134e-007
1.72529e-007
1.71801e-007
1.66036e-007
1.65546e-007
1.70788e-007
1.74326e-007
1.7153e-007
1.62706e-007
1.48326e-007
1.26699e-007
9.62673e-008
6.28405e-008
3.92211e-008
2.98021e-008
2.54977e-008
1.9731e-008
1.34583e-008
3.93641e-009
-1.2105e-008
-2.80218e-008
-3.48974e-008
-3.34135e-008
-3.08969e-008
-3.25526e-008
-3.92808e-008
-4.91176e-008
-5.63059e-008
-5.38301e-008

   Record Number: 10
   Aqu. Duration: 9.99424 ms
     Onset Delay: 0 ms
      No. Points: 244
    No. Averages: 700
   No. Artifacts: 0
      Start Time: Mon Dec 14 12:03

    SigGen Index: 6
       Variables: 
                  Polarity = 1 
                  Level = 40 dB
5.19217e-008
4.55294e-008
3.45717e-008
2.84541e-008
3.05938e-008
3.59041e-008
3.51046e-008
2.1935e-008
-2.91463e-009
-3.5189e-008
-7.15237e-008
-1.06169e-007
-1.27484e-007
-1.25838e-007
-1.05154e-007
-8.2188e-008
-7.1103e-008
-6.91693e-008
-6.14367e-008
-3.78126e-008
-8.89435e-010
3.93784e-008
7.22211e-008
8.90073e-008
8.66577e-008
7.00711e-008
4.79926e-008
2.58861e-008
4.9771e-009
-1.23817e-008
-2.17381e-008
-2.1984e-008
-1.71395e-008
-1.47092e-008
-2.35567e-008
-4.6442e-008
-7.52304e-008
-1.00062e-007
-1.18567e-007
-1.29921e-007
-1.30381e-007
-1.23482e-007
-1.21899e-007
-1.31571e-007
-1.46573e-007
-1.61829e-007
-1.77526e-007
-1.90903e-007
-1.94318e-007
-1.80457e-007
-1.44232e-007
-8.6648e-008
-2.29076e-008
2.25023e-008
3.68309e-008
2.93015e-008
1.76006e-008
1.30285e-008
1.96123e-008
3.63199e-008
5.81972e-008
8.32124e-008
1.16748e-007
1.63493e-007
2.18296e-007
2.6875e-007
3.02949e-007
3.13615e-007
3.00894e-007
2.75165e-007
2.52752e-007
2.43536e-007
2.43308e-007
2.3999e-007
2.25092e-007
1.9703e-007
1.58652e-007
1.17284e-007
8.36008e-008
6.58933e-008
6.40615e-008
6.99024e-008
7.68584e-008
8.61861e-008
9.8986e-008
1.08718e-007
1.06251e-007
8.90313e-008
6.43082e-008
4.24811e-008
2.4348e-008
-2.07616e-009
-4.67722e-008
-1.01827e-007
-1.44833e-007
-1.58091e-007
-1.41932e-007
-1.08908e-007
-6.96697e-008
-2.92097e-008
6.06317e-009
2.4761e-008
1.72751e-008
-1.54617e-008
-6.28927e-008
-1.13476e-007
-1.58735e-007
-1.91217e-007
-2.05202e-007
-2.00516e-007
-1.82031e-007
-1.54292e-007
-1.18922e-007
-7.80345e-008
-3.75791e-008
-6.79274e-009
4.70378e-009
-8.17483e-009
-4.1983e-008
-8.68542e-008
-1.33137e-007
-1.7399e-007
-2.02024e-007
-2.1099e-007
-2.04341e-007
-1.93299e-007
-1.84382e-007
-1.78655e-007
-1.77422e-007
-1.75593e-007
-1.58553e-007
-1.17388e-007
-5.97458e-008
1.69242e-010
5.1837e-008
8.48766e-008
9.01247e-008
6.98093e-008
3.68894e-008
3.68889e-009
-2.34233e-008
-4.08546e-008
-4.48271e-008
-3.34735e-008
-9.93863e-009
2.03824e-008
5.49028e-008
9.31068e-008
1.32726e-007
1.67761e-007
1.89238e-007
1.90693e-007
1.74317e-007
1.49128e-007
1.23362e-007
1.01191e-007
8.46786e-008
7.58661e-008
7.8612e-008
9.78991e-008
1.33012e-007
1.71897e-007
1.9815e-007
2.0567e-007
2.03196e-007
2.03848e-007
2.12588e-007
2.24214e-007
2.32161e-007
2.35785e-007
2.34942e-007
2.21313e-007
1.84486e-007
1.28147e-007
7.30682e-008
3.951e-008
3.03899e-008
3.41473e-008
3.78756e-008
3.35139e-008
1.65453e-008
-1.41626e-008
-5.3632e-008
-9.2197e-008
-1.23587e-007
-1.48966e-007
-1.69952e-007
-1.82013e-007
-1.79079e-007
-1.62856e-007
-1.44708e-007
-1.36689e-007
-1.40224e-007
-1.45905e-007
-1.44808e-007
-1.36955e-007
-1.30256e-007
-1.34366e-007
-1.5283e-007
-1.78228e-007
-1.95305e-007
-1.89627e-007
-1.57661e-007
-1.129e-007
-7.63616e-008
-5.65483e-008
-4.5421e-008
-3.49475e-008
-2.8256e-008
-3.15586e-008
-4.13863e-008
-4.44189e-008
-2.93231e-008
2.74275e-009
3.98932e-008
7.13361e-008
9.57359e-008
1.16401e-007
1.32114e-007
1.39159e-007
1.38232e-007
1.31221e-007
1.17755e-007
1.01932e-007
9.26942e-008
9.23627e-008
9.22688e-008
7.97887e-008
4.78259e-008
3.55533e-009
-3.21172e-008
-4.01461e-008
-2.05216e-008
4.61511e-009
6.90911e-009
-2.23841e-008
-6.3976e-008
-9.14173e-008
-9.48499e-008
-8.27308e-008
-6.79631e-008
-5.58239e-008
-4.35507e-008
-3.06002e-008

   Record Number: 11
   Aqu. Duration: 9.99424 ms
     Onset Delay: 0 ms
      No. Points: 244
    No. Averages: 700
   No. Artifacts: 0
      Start Time: Mon Dec 14 12:03

    SigGen Index: 6
       Variables: 
                  Polarity = 1 
                  Level = 40 dB
-7.08696e-008
-8.18288e-008
-1.02732e-007
-1.32262e-007
-1.60608e-007
-1.71212e-007
-1.54979e-007
-1.24373e-007
-1.04815e-007
-1.08686e-007
-1.25941e-007
-1.39563e-007
-1.3937e-007
-1.22983e-007
-9.34675e-008
-5.57076e-008
-1.21388e-008
3.36408e-008
7.00692e-008
8.29286e-008
6.80326e-008
3.53021e-008
4.47744e-009
-2.48172e-009
2.47088e-008
7.32838e-008
1.15983e-007
1.33052e-007
1.2311e-007
9.55233e-008
5.87031e-008
1.82615e-008
-1.58101e-008
-2.87318e-008
-1.48512e-008
1.41796e-008
4.09365e-008
5.70683e-008
6.64602e-008
7.85633e-008
9.76544e-008
1.15255e-007
1.13695e-007
8.23329e-008
3.1253e-008
-1.62528e-008
-4.19217e-008
-4.01213e-008
-1.8506e-008
4.30816e-009
1.32436e-008
1.14601e-008
1.24022e-008
2.07198e-008
2.98946e-008
3.32155e-008
2.92837e-008
2.05491e-008
1.01065e-008
-1.35221e-009
-1.41867e-008
-2.34301e-008
-1.79764e-008
7.61687e-009
4.35819e-008
7.32579e-008
8.79292e-008
9.12937e-008
9.30134e-008
9.66388e-008
9.32588e-008
7.30444e-008
4.16749e-008
1.67054e-008
9.23044e-009
1.66902e-008
3.0668e-008
4.38021e-008
5.10617e-008
5.08242e-008
4.47414e-008
3.4972e-008
2.13231e-008
9.20002e-010
-2.62076e-008
-4.96874e-008
-5.2842e-008
-2.97784e-008
6.10264e-009
3.43973e-008
4.23562e-008
2.78574e-008
-3.57827e-009
-4.24715e-008
-7.92636e-008
-1.0841e-007
-1.29345e-007
-1.40922e-007
-1.37125e-007
-1.12301e-007
-6.77197e-008
-1.07143e-008
4.72682e-008
9.04155e-008
1.03858e-007
8.36521e-008
4.13549e-008
-2.55845e-009
-3.26771e-008
-4.53321e-008
-4.25778e-008
-2.77267e-008
-7.74787e-009
7.27549e-009
1.06908e-008
6.00896e-009
5.28496e-009
1.52061e-008
2.43777e-008
1.07159e-008
-3.55815e-008
-9.99054e-008
-1.56697e-007
-1.90805e-007
-2.02549e-007
-1.99371e-007
-1.89863e-007
-1.82241e-007
-1.81949e-007
-1.87684e-007
-1.8847e-007
-1.68759e-007
-1.23686e-007
-6.66681e-008
-1.71584e-008
1.40768e-008
2.78928e-008
3.07487e-008
2.43234e-008
3.87621e-009
-2.87207e-008
-5.93505e-008
-7.5459e-008
-7.65027e-008
-6.67925e-008
-4.73233e-008
-1.84159e-008
1.54976e-008
4.78032e-008
7.50209e-008
9.68877e-008
1.13541e-007
1.25803e-007
1.34382e-007
1.40025e-007
1.46584e-007
1.5601e-007
1.61467e-007
1.55091e-007
1.39358e-007
1.24373e-007
1.18393e-007
1.24926e-007
1.43784e-007
1.69733e-007
1.92558e-007
2.02891e-007
1.99436e-007
1.90398e-007
1.85846e-007
1.85234e-007
1.73749e-007
1.35892e-007
7.37153e-008
8.40563e-009
-3.92827e-008
-6.70115e-008
-8.4854e-008
-9.75977e-008
-1.00289e-007
-8.68199e-008
-5.82776e-008
-2.59126e-008
-5.6727e-009
-5.36561e-009
-1.7097e-008
-2.52281e-008
-2.27625e-008
-1.56258e-008
-1.00919e-008
-7.07143e-009
-9.41069e-009
-2.06481e-008
-3.79038e-008
-5.59513e-008
-7.27079e-008
-8.61203e-008
-9.26058e-008
-8.91981e-008
-7.42867e-008
-5.17532e-008
-3.51733e-008
-3.9019e-008
-6.52214e-008
-1.04352e-007
-1.45416e-007
-1.78181e-007
-1.91972e-007
-1.80632e-007
-1.47617e-007
-1.02243e-007
-5.33327e-008
-9.15426e-009
2.21822e-008
3.86198e-008
4.74559e-008
5.76189e-008
7.06481e-008
8.25781e-008
9.22687e-008
1.02687e-007
1.13769e-007
1.20476e-007
1.19323e-007
1.10219e-007
9.14108e-008
6.03748e-008
2.19949e-008
-1.09872e-008
-2.90279e-008
-3.26073e-008
-2.85311e-008
-2.53669e-008
-2.89775e-008
-3.71642e-008
-4.29124e-008
-4.16482e-008
-2.98962e-008
-4.11545e-009
3.20511e-008
6.48163e-008
7.9025e-008
6.86979e-008
4.05199e-008

