ABR Group Header  ==================================
    Group Number: 1
         Records: 12
  SigGen File #1: C:\ABRs\Stimulus\ClickRX8_Left.sig
  SigGen File #2: 
      Subject ID: 1904
    Reference #1: clickright2
    Reference #2: pNOE2
            Memo: 
      Start Time: Mon Dec 14 12:41
        End Time: Mon Dec 14 12:45
----------------------------------------------------

   Record Number: 12
   Aqu. Duration: 9.99424 ms
     Onset Delay: 0 ms
      No. Points: 244
    No. Averages: 700
   No. Artifacts: 0
      Start Time: Mon Dec 14 12:42

    SigGen Index: 1
       Variables: 
                  Polarity = 1 
                  Level = 90 dB
-1.60192e-007
-1.62441e-007
-1.74929e-007
-1.97333e-007
-2.18956e-007
-2.25956e-007
-2.15972e-007
-1.98864e-007
-1.89335e-007
-1.92211e-007
-1.90049e-007
-1.58648e-007
-9.43617e-008
-1.56669e-008
5.23734e-008
9.02627e-008
9.63689e-008
8.82573e-008
8.36503e-008
8.92702e-008
1.06796e-007
1.32068e-007
1.53193e-007
1.59761e-007
1.48216e-007
1.22073e-007
9.2407e-008
7.13212e-008
6.66274e-008
8.21831e-008
1.10957e-007
1.33922e-007
1.37834e-007
1.24807e-007
1.04184e-007
8.7059e-008
8.08164e-008
8.41077e-008
9.61772e-008
1.20123e-007
1.50142e-007
1.73915e-007
1.8565e-007
1.82005e-007
1.56214e-007
1.04474e-007
3.11805e-008
-4.64466e-008
-9.86366e-008
-1.02703e-007
-6.00554e-008
1.05389e-008
8.27828e-008
1.30095e-007
1.42881e-007
1.34961e-007
1.24184e-007
1.15463e-007
1.02682e-007
7.78488e-008
4.10188e-008
7.19173e-010
-3.85187e-008
-7.59425e-008
-1.01703e-007
-1.04287e-007
-8.9079e-008
-7.55056e-008
-7.88213e-008
-9.6711e-008
-1.08973e-007
-9.57913e-008
-5.86304e-008
-1.57939e-008
1.62222e-008
3.14118e-008
3.74207e-008
4.92591e-008
6.91829e-008
8.33212e-008
8.26025e-008
7.00594e-008
4.89126e-008
1.98354e-008
-1.39311e-008
-4.52838e-008
-6.48329e-008
-7.09925e-008
-7.52633e-008
-8.57673e-008
-9.729e-008
-1.04688e-007
-1.10259e-007
-1.16681e-007
-1.24768e-007
-1.34639e-007
-1.44578e-007
-1.53429e-007
-1.594e-007
-1.54613e-007
-1.31319e-007
-9.25499e-008
-5.13514e-008
-2.47401e-008
-2.59795e-008
-5.40613e-008
-9.2412e-008
-1.19895e-007
-1.21707e-007
-9.52672e-008
-4.96168e-008
3.01548e-009
5.18071e-008
8.33821e-008
8.66444e-008
6.50255e-008
3.4286e-008
1.36353e-008
2.02306e-008
5.46575e-008
9.43435e-008
1.14865e-007
1.1183e-007
1.00699e-007
1.017e-007
1.19534e-007
1.38686e-007
1.45603e-007
1.42669e-007
1.34726e-007
1.22505e-007
1.08954e-007
9.54262e-008
8.29537e-008
8.21482e-008
1.02437e-007
1.36114e-007
1.66869e-007
1.8382e-007
1.85925e-007
1.81828e-007
1.8019e-007
1.81745e-007
1.86922e-007
1.96893e-007
2.02117e-007
1.88207e-007
1.51457e-007
9.85073e-008
4.37042e-008
2.89724e-009
-2.61207e-008
-6.13422e-008
-1.09214e-007
-1.59946e-007
-2.03322e-007
-2.32955e-007
-2.44921e-007
-2.39265e-007
-2.2076e-007
-2.02424e-007
-2.00917e-007
-2.17795e-007
-2.3693e-007
-2.45453e-007
-2.42443e-007
-2.31713e-007
-2.18923e-007
-2.05841e-007
-1.85976e-007
-1.56191e-007
-1.23894e-007
-9.81637e-008
-8.30425e-008
-7.58027e-008
-6.66232e-008
-4.53931e-008
-1.04884e-008
2.87281e-008
5.57377e-008
5.81245e-008
4.00835e-008
1.97801e-008
1.36125e-008
2.54463e-008
4.45748e-008
5.35948e-008
4.52736e-008
2.61217e-008
4.93127e-009
-7.85187e-009
1.66837e-009
3.7356e-008
8.67813e-008
1.331e-007
1.62958e-007
1.6901e-007
1.56554e-007
1.39932e-007
1.29076e-007
1.27431e-007
1.34902e-007
1.45616e-007
1.53102e-007
1.57709e-007
1.63819e-007
1.77058e-007
2.00653e-007
2.26358e-007
2.39372e-007
2.34025e-007
2.13465e-007
1.80811e-007
1.39281e-007
9.32231e-008
4.76344e-008
9.78958e-009
-1.6499e-008
-3.95099e-008
-7.25276e-008
-1.17012e-007
-1.58404e-007
-1.78096e-007
-1.70883e-007
-1.52677e-007
-1.43189e-007
-1.45896e-007
-1.56272e-007
-1.70284e-007
-1.76855e-007
-1.66589e-007
-1.42786e-007
-1.10889e-007
-7.7795e-008
-5.96084e-008
-6.77978e-008
-9.72758e-008
-1.33588e-007
-1.58592e-007
-1.58907e-007
-1.3739e-007
-1.05713e-007
-7.27683e-008
-4.61102e-008

   Record Number: 13
   Aqu. Duration: 9.99424 ms
     Onset Delay: 0 ms
      No. Points: 244
    No. Averages: 700
   No. Artifacts: 0
      Start Time: Mon Dec 14 12:42

    SigGen Index: 1
       Variables: 
                  Polarity = 1 
                  Level = 90 dB
-5.73024e-008
-4.51863e-008
-5.03815e-008
-7.8885e-008
-1.17855e-007
-1.4256e-007
-1.38729e-007
-1.10185e-007
-7.37866e-008
-5.01751e-008
-4.66544e-008
-5.04929e-008
-4.43093e-008
-2.0271e-008
1.55038e-008
4.64254e-008
6.44212e-008
7.93748e-008
9.85173e-008
1.1466e-007
1.22562e-007
1.26553e-007
1.2886e-007
1.2376e-007
1.03849e-007
6.91737e-008
2.95168e-008
-4.45008e-009
-2.61589e-008
-2.98249e-008
-1.75359e-008
-5.34322e-009
-6.59628e-009
-1.92685e-008
-3.39427e-008
-3.73919e-008
-1.68918e-008
2.30601e-008
6.26381e-008
8.91953e-008
1.0543e-007
1.22686e-007
1.48697e-007
1.73364e-007
1.77424e-007
1.57025e-007
1.2523e-007
9.7128e-008
8.25182e-008
8.19385e-008
8.88991e-008
1.00432e-007
1.14518e-007
1.19529e-007
1.04137e-007
7.24027e-008
3.75556e-008
9.66859e-009
-9.44685e-009
-2.87368e-008
-6.15996e-008
-1.12968e-007
-1.76138e-007
-2.38038e-007
-2.85354e-007
-3.13007e-007
-3.2514e-007
-3.2536e-007
-3.14152e-007
-2.92527e-007
-2.59093e-007
-2.11917e-007
-1.57134e-007
-1.0425e-007
-5.61079e-008
-9.60872e-009
4.33444e-008
1.10152e-007
1.822e-007
2.39188e-007
2.71021e-007
2.79218e-007
2.64825e-007
2.29164e-007
1.77719e-007
1.2e-007
7.09755e-008
4.37709e-008
3.76511e-008
4.15442e-008
4.39741e-008
3.53843e-008
1.26671e-008
-1.63604e-008
-4.0423e-008
-5.25679e-008
-4.9498e-008
-3.56243e-008
-2.64478e-008
-3.43482e-008
-5.39528e-008
-6.86e-008
-6.64529e-008
-4.94801e-008
-2.88751e-008
-1.16012e-008
1.13253e-010
-3.2248e-009
-3.16893e-008
-7.72563e-008
-1.17479e-007
-1.34876e-007
-1.29243e-007
-1.16487e-007
-1.11664e-007
-1.15487e-007
-1.23121e-007
-1.30772e-007
-1.28269e-007
-1.05105e-007
-6.5249e-008
-2.39049e-008
5.25542e-009
1.63683e-008
1.22886e-008
-1.73809e-010
-1.60764e-008
-2.99629e-008
-3.57408e-008
-3.2341e-008
-1.79624e-008
1.32339e-008
5.81285e-008
1.06828e-007
1.56916e-007
2.03447e-007
2.30944e-007
2.33197e-007
2.20786e-007
2.06874e-007
2.00527e-007
2.02669e-007
2.04657e-007
2.03929e-007
2.08692e-007
2.1621e-007
2.09725e-007
1.80016e-007
1.29288e-007
6.71766e-008
1.2453e-008
-2.26623e-008
-4.35951e-008
-5.67863e-008
-6.21014e-008
-6.12579e-008
-5.64592e-008
-5.0086e-008
-4.894e-008
-5.88836e-008
-8.32376e-008
-1.24038e-007
-1.66945e-007
-1.79052e-007
-1.43389e-007
-8.1926e-008
-3.49548e-008
-2.66142e-008
-4.71977e-008
-6.61357e-008
-6.39558e-008
-4.44328e-008
-2.15173e-008
-9.41525e-009
-1.69471e-008
-3.92981e-008
-6.08045e-008
-6.83223e-008
-5.98829e-008
-4.42699e-008
-3.1252e-008
-1.92615e-008
-3.73602e-011
2.47831e-008
4.5364e-008
5.76862e-008
6.23508e-008
5.90336e-008
5.02584e-008
4.20538e-008
4.22201e-008
5.8625e-008
8.87572e-008
1.14831e-007
1.18943e-007
9.79579e-008
6.36406e-008
3.60299e-008
2.85105e-008
3.40431e-008
3.5343e-008
2.30788e-008
-6.11853e-010
-2.24367e-008
-2.61772e-008
-1.36317e-008
-2.22978e-009
2.90858e-009
1.24485e-008
3.04116e-008
4.50201e-008
3.87786e-008
5.70294e-009
-3.86328e-008
-6.9719e-008
-7.54699e-008
-6.20467e-008
-4.72856e-008
-4.90219e-008
-7.10405e-008
-1.00294e-007
-1.19544e-007
-1.19438e-007
-1.02389e-007
-8.2173e-008
-6.99478e-008
-5.75376e-008
-3.0339e-008
1.11237e-008
5.41985e-008
8.37467e-008
9.07072e-008
8.14223e-008
6.61032e-008
4.20412e-008
4.23993e-009
-4.22345e-008
-8.82495e-008
-1.21637e-007
-1.31205e-007
-1.21256e-007
-1.0347e-007
-7.85632e-008
-4.62254e-008

   Record Number: 14
   Aqu. Duration: 9.99424 ms
     Onset Delay: 0 ms
      No. Points: 244
    No. Averages: 700
   No. Artifacts: 0
      Start Time: Mon Dec 14 12:42

    SigGen Index: 2
       Variables: 
                  Polarity = 1 
                  Level = 80 dB
7.30979e-008
7.61654e-008
7.81911e-008
6.45607e-008
3.5986e-008
5.8429e-009
-1.31676e-008
-2.28108e-008
-3.6536e-008
-6.08688e-008
-8.63586e-008
-1.00106e-007
-1.02996e-007
-1.09672e-007
-1.31279e-007
-1.62247e-007
-1.85401e-007
-1.89281e-007
-1.78455e-007
-1.65713e-007
-1.58723e-007
-1.54945e-007
-1.45668e-007
-1.25817e-007
-9.79172e-008
-6.28047e-008
-1.38129e-008
4.91527e-008
1.05672e-007
1.29895e-007
1.18879e-007
9.41431e-008
7.56213e-008
6.41264e-008
4.9692e-008
2.75263e-008
6.02815e-010
-2.54416e-008
-4.14485e-008
-3.68765e-008
-1.11857e-008
2.28416e-008
5.22493e-008
7.58283e-008
9.7795e-008
1.16735e-007
1.29208e-007
1.35608e-007
1.35761e-007
1.2602e-007
1.03308e-007
6.9861e-008
3.67842e-008
2.15988e-008
3.40737e-008
6.47617e-008
9.34692e-008
1.05763e-007
1.00608e-007
8.93984e-008
8.52844e-008
8.89882e-008
9.07608e-008
8.43085e-008
7.06375e-008
5.42038e-008
4.34714e-008
4.79288e-008
6.55207e-008
7.8836e-008
7.16091e-008
4.46131e-008
1.16819e-008
-1.53738e-008
-3.465e-008
-4.91066e-008
-6.08601e-008
-7.2535e-008
-8.61094e-008
-9.80496e-008
-1.00426e-007
-8.78165e-008
-6.18949e-008
-2.99083e-008
-1.14163e-009
1.76871e-008
2.67148e-008
2.72908e-008
1.46541e-008
-1.45131e-008
-5.2714e-008
-8.68897e-008
-1.08499e-007
-1.16129e-007
-1.13108e-007
-1.06364e-007
-1.03735e-007
-1.05653e-007
-1.01254e-007
-7.98446e-008
-4.61521e-008
-1.68074e-008
-2.20732e-009
-1.2245e-009
-1.10483e-008
-3.10319e-008
-5.72884e-008
-7.99267e-008
-8.89792e-008
-8.36823e-008
-7.38113e-008
-7.04974e-008
-7.44443e-008
-7.22801e-008
-4.87048e-008
-4.61395e-009
4.04888e-008
6.61538e-008
7.01117e-008
6.71686e-008
6.9805e-008
7.64532e-008
7.87742e-008
7.36506e-008
6.45252e-008
5.27693e-008
3.60524e-008
1.84992e-008
1.26026e-008
2.35768e-008
3.86907e-008
4.1367e-008
2.98741e-008
1.24588e-008
-7.00645e-009
-2.54231e-008
-3.05541e-008
-1.05129e-008
2.82964e-008
6.36163e-008
7.84671e-008
7.5622e-008
7.07287e-008
7.23155e-008
7.43859e-008
6.99205e-008
6.15353e-008
5.73192e-008
6.39591e-008
8.26054e-008
1.06213e-007
1.2362e-007
1.2909e-007
1.24764e-007
1.16068e-007
1.09073e-007
1.06094e-007
1.0052e-007
8.33281e-008
5.6323e-008
3.27812e-008
2.23784e-008
1.84642e-008
5.07954e-009
-2.36086e-008
-5.74948e-008
-8.46228e-008
-1.03946e-007
-1.22468e-007
-1.4312e-007
-1.58986e-007
-1.61833e-007
-1.53794e-007
-1.46136e-007
-1.46235e-007
-1.49767e-007
-1.46125e-007
-1.27193e-007
-9.16367e-008
-4.66893e-008
-7.56885e-009
1.17974e-008
1.22701e-008
8.17326e-009
1.16086e-008
2.39622e-008
4.04749e-008
5.85589e-008
8.07646e-008
1.08432e-007
1.35644e-007
1.53915e-007
1.60547e-007
1.5837e-007
1.494e-007
1.32707e-007
1.07519e-007
7.77911e-008
5.35189e-008
4.27414e-008
4.39821e-008
5.19936e-008
6.30372e-008
6.89232e-008
5.71666e-008
2.48582e-008
-1.49161e-008
-4.61457e-008
-6.32137e-008
-6.8216e-008
-6.30931e-008
-4.94133e-008
-3.30645e-008
-2.4265e-008
-2.84213e-008
-4.05224e-008
-5.37471e-008
-6.72265e-008
-8.25047e-008
-9.8987e-008
-1.13962e-007
-1.2382e-007
-1.25416e-007
-1.18523e-007
-1.05559e-007
-8.86415e-008
-7.07122e-008
-5.5357e-008
-4.15032e-008
-2.56584e-008
-1.04886e-008
-3.95768e-009
-9.90448e-009
-2.24271e-008
-2.92163e-008
-2.04259e-008
3.60941e-009
3.14446e-008
4.8762e-008
4.97586e-008
4.11642e-008
3.50552e-008
3.62772e-008
3.80028e-008

   Record Number: 15
   Aqu. Duration: 9.99424 ms
     Onset Delay: 0 ms
      No. Points: 244
    No. Averages: 700
   No. Artifacts: 0
      Start Time: Mon Dec 14 12:42

    SigGen Index: 2
       Variables: 
                  Polarity = 1 
                  Level = 80 dB
8.49171e-008
9.69263e-008
1.182e-007
1.29171e-007
1.21933e-007
1.04977e-007
9.39216e-008
9.61735e-008
1.03605e-007
1.02224e-007
8.83518e-008
6.88083e-008
4.71687e-008
1.99226e-008
-1.58171e-008
-5.54396e-008
-8.35751e-008
-8.28809e-008
-5.32346e-008
-1.64125e-008
4.92387e-010
-1.5047e-008
-5.26078e-008
-8.7761e-008
-1.00415e-007
-8.69973e-008
-5.89736e-008
-3.17581e-008
-1.50733e-008
-9.38594e-009
-8.79242e-009
-9.73504e-009
-1.31521e-008
-1.83228e-008
-2.43004e-008
-3.50636e-008
-5.50036e-008
-8.1901e-008
-1.05652e-007
-1.12403e-007
-9.45056e-008
-5.84681e-008
-2.07631e-008
3.54815e-009
7.21229e-009
-9.81423e-009
-4.07294e-008
-7.08008e-008
-8.22876e-008
-6.60251e-008
-2.66084e-008
2.44862e-008
7.5541e-008
1.17421e-007
1.48446e-007
1.74415e-007
2.00144e-007
2.22101e-007
2.28767e-007
2.10615e-007
1.72481e-007
1.31646e-007
1.01847e-007
8.38639e-008
7.14789e-008
6.04395e-008
5.05692e-008
4.39094e-008
4.18598e-008
4.31413e-008
4.40211e-008
3.82286e-008
1.86491e-008
-1.73341e-008
-6.40392e-008
-1.08435e-007
-1.36728e-007
-1.41715e-007
-1.24639e-007
-9.37365e-008
-6.03702e-008
-3.41696e-008
-2.10098e-008
-2.19767e-008
-3.40574e-008
-5.28422e-008
-7.18106e-008
-8.31173e-008
-8.43479e-008
-8.06553e-008
-7.94416e-008
-8.38832e-008
-8.91331e-008
-8.81333e-008
-8.29987e-008
-8.41134e-008
-9.64477e-008
-1.12875e-007
-1.22151e-007
-1.19739e-007
-1.1075e-007
-1.03396e-007
-9.88195e-008
-8.99013e-008
-7.15365e-008
-4.67452e-008
-2.2871e-008
-8.47198e-009
-1.09645e-008
-2.93084e-008
-5.08008e-008
-6.01588e-008
-4.884e-008
-1.55677e-008
3.24003e-008
7.73235e-008
9.94201e-008
9.23316e-008
7.13877e-008
6.22654e-008
7.49776e-008
9.36086e-008
9.7745e-008
8.64151e-008
7.41615e-008
7.19071e-008
7.87065e-008
8.59264e-008
8.69378e-008
8.35564e-008
7.72634e-008
6.11391e-008
3.22159e-008
1.38237e-009
-1.85737e-008
-2.49123e-008
-2.08911e-008
-9.32765e-009
6.51971e-009
2.16102e-008
3.09857e-008
3.32815e-008
3.32292e-008
3.57753e-008
3.80578e-008
3.39018e-008
2.24577e-008
8.29677e-009
-1.69837e-009
-1.27576e-009
1.06449e-008
2.89364e-008
4.59856e-008
5.52503e-008
5.64609e-008
5.86717e-008
7.03579e-008
8.81045e-008
1.02508e-007
1.08474e-007
1.02237e-007
7.63732e-008
2.42286e-008
-5.151e-008
-1.33849e-007
-1.9954e-007
-2.36148e-007
-2.47441e-007
-2.45297e-007
-2.43955e-007
-2.54735e-007
-2.73936e-007
-2.80344e-007
-2.55623e-007
-2.03742e-007
-1.45121e-007
-9.91692e-008
-7.33456e-008
-6.00596e-008
-4.51716e-008
-2.37671e-008
-2.7323e-009
1.08639e-008
1.60876e-008
1.87619e-008
3.20502e-008
6.71898e-008
1.19784e-007
1.70677e-007
1.98019e-007
1.89701e-007
1.55241e-007
1.22601e-007
1.12191e-007
1.19948e-007
1.29303e-007
1.28954e-007
1.19739e-007
1.09498e-007
9.87597e-008
7.96223e-008
5.47127e-008
4.18603e-008
5.18589e-008
7.40793e-008
8.94325e-008
8.86051e-008
7.3872e-008
5.04939e-008
2.21093e-008
-5.68945e-009
-2.07551e-008
-1.32822e-008
7.13422e-009
1.56736e-008
-8.27617e-010
-3.04865e-008
-5.17661e-008
-5.43604e-008
-4.58841e-008
-4.40689e-008
-5.97617e-008
-8.63775e-008
-1.09456e-007
-1.19338e-007
-1.11203e-007
-8.59781e-008
-5.30152e-008
-2.34475e-008
-4.31095e-009
1.60281e-009
-2.14974e-009
-6.19961e-009
-4.2123e-009
1.34499e-010
1.79685e-009
6.07908e-009
1.97714e-008
3.66406e-008
4.28409e-008
3.15685e-008
6.54576e-009
-2.7454e-008
-7.09204e-008

   Record Number: 16
   Aqu. Duration: 9.99424 ms
     Onset Delay: 0 ms
      No. Points: 244
    No. Averages: 700
   No. Artifacts: 0
      Start Time: Mon Dec 14 12:43

    SigGen Index: 3
       Variables: 
                  Polarity = 1 
                  Level = 70 dB
6.09186e-008
5.22551e-008
4.22125e-008
3.92746e-008
3.71652e-008
2.44713e-008
-2.3566e-010
-2.67793e-008
-4.29772e-008
-4.28709e-008
-2.82663e-008
-6.9285e-009
1.03028e-008
1.4502e-008
4.53678e-009
-1.14685e-008
-2.3758e-008
-3.09246e-008
-3.90685e-008
-5.37199e-008
-7.7747e-008
-1.12338e-007
-1.53051e-007
-1.86793e-007
-1.99496e-007
-1.89659e-007
-1.69899e-007
-1.53451e-007
-1.44223e-007
-1.40271e-007
-1.4032e-007
-1.43259e-007
-1.44393e-007
-1.36338e-007
-1.14897e-007
-8.50869e-008
-5.98133e-008
-4.93056e-008
-5.29551e-008
-6.02956e-008
-5.6533e-008
-3.13165e-008
1.2823e-008
6.06335e-008
9.35034e-008
1.01327e-007
8.82603e-008
6.83746e-008
5.68265e-008
6.29623e-008
8.58664e-008
1.13393e-007
1.30753e-007
1.35686e-007
1.40878e-007
1.5765e-007
1.82437e-007
2.01515e-007
2.04576e-007
1.92335e-007
1.73201e-007
1.55015e-007
1.41628e-007
1.33117e-007
1.23772e-007
1.03434e-007
6.6337e-008
1.84339e-008
-2.61359e-008
-5.69784e-008
-7.47301e-008
-8.6039e-008
-9.41784e-008
-9.59612e-008
-8.73764e-008
-7.1979e-008
-6.10489e-008
-6.31339e-008
-7.63131e-008
-9.28533e-008
-1.06746e-007
-1.13737e-007
-1.09304e-007
-9.06594e-008
-5.96847e-008
-2.46731e-008
9.54877e-010
6.16334e-009
-8.81844e-009
-3.17704e-008
-4.78564e-008
-5.03483e-008
-4.17843e-008
-2.68163e-008
-8.08932e-009
1.1396e-008
2.72167e-008
3.74186e-008
4.50018e-008
5.43065e-008
6.43842e-008
6.82135e-008
6.24781e-008
5.39242e-008
5.08103e-008
5.30985e-008
5.33142e-008
4.50916e-008
3.02666e-008
1.28858e-008
-1.03092e-008
-4.43882e-008
-8.60873e-008
-1.24694e-007
-1.50574e-007
-1.62042e-007
-1.63529e-007
-1.5804e-007
-1.44673e-007
-1.24193e-007
-1.01126e-007
-7.59399e-008
-4.41065e-008
-7.91749e-009
2.22424e-008
4.20199e-008
5.7459e-008
7.21305e-008
7.99423e-008
7.52464e-008
6.05305e-008
4.09377e-008
2.08494e-008
5.68881e-009
3.95394e-011
6.1379e-009
2.42601e-008
5.0076e-008
7.44636e-008
9.00799e-008
9.64433e-008
9.63779e-008
8.99095e-008
7.48439e-008
5.20565e-008
2.87497e-008
1.49438e-008
1.41055e-008
1.93901e-008
2.15481e-008
1.7631e-008
1.10374e-008
7.37965e-009
1.16847e-008
2.49072e-008
4.16905e-008
5.58198e-008
6.6981e-008
7.72866e-008
8.47819e-008
8.6503e-008
8.39031e-008
8.04962e-008
7.80808e-008
7.69671e-008
7.70278e-008
7.95644e-008
8.68471e-008
9.5138e-008
9.29199e-008
7.373e-008
4.63125e-008
2.59299e-008
2.05175e-008
2.87944e-008
4.4722e-008
5.81628e-008
5.52623e-008
2.58606e-008
-2.57965e-008
-8.07086e-008
-1.19616e-007
-1.36374e-007
-1.36526e-007
-1.29927e-007
-1.26555e-007
-1.3137e-007
-1.42281e-007
-1.5718e-007
-1.78465e-007
-2.07597e-007
-2.39542e-007
-2.63292e-007
-2.68122e-007
-2.52596e-007
-2.24646e-007
-1.91299e-007
-1.54983e-007
-1.1887e-007
-8.69397e-008
-6.00547e-008
-3.99393e-008
-3.49456e-008
-5.26752e-008
-8.56042e-008
-1.09584e-007
-9.92776e-008
-4.65839e-008
3.34487e-008
1.14844e-007
1.79219e-007
2.2091e-007
2.38633e-007
2.32919e-007
2.12572e-007
1.9189e-007
1.77894e-007
1.67026e-007
1.51921e-007
1.26254e-007
8.88484e-008
4.86181e-008
2.22757e-008
2.21059e-008
4.52834e-008
7.66182e-008
1.02207e-007
1.19443e-007
1.31631e-007
1.36695e-007
1.28378e-007
1.06182e-007
7.77359e-008
5.08905e-008
2.7134e-008
5.81143e-009
-1.06092e-008
-2.17084e-008
-3.24621e-008
-4.48203e-008
-5.20505e-008
-4.60975e-008
-2.68247e-008
-2.10651e-009

   Record Number: 17
   Aqu. Duration: 9.99424 ms
     Onset Delay: 0 ms
      No. Points: 244
    No. Averages: 700
   No. Artifacts: 0
      Start Time: Mon Dec 14 12:43

    SigGen Index: 3
       Variables: 
                  Polarity = 1 
                  Level = 70 dB
-1.14274e-009
-1.37593e-008
-1.6343e-008
-5.39823e-009
1.20442e-008
2.3897e-008
2.35195e-008
1.44779e-008
6.5507e-009
7.49844e-009
1.7769e-008
3.23192e-008
4.44676e-008
4.65864e-008
3.36552e-008
1.06787e-008
-9.08878e-009
-1.77201e-008
-2.03336e-008
-2.71593e-008
-4.17964e-008
-5.7096e-008
-6.15771e-008
-5.2715e-008
-4.00347e-008
-3.20263e-008
-2.89961e-008
-3.12332e-008
-4.2546e-008
-6.07376e-008
-7.27839e-008
-6.65874e-008
-4.5943e-008
-2.91953e-008
-3.26318e-008
-5.7437e-008
-9.10827e-008
-1.18074e-007
-1.30245e-007
-1.29023e-007
-1.21208e-007
-1.14344e-007
-1.11047e-007
-1.0612e-007
-9.20906e-008
-6.44855e-008
-2.36773e-008
2.01901e-008
4.94558e-008
5.63972e-008
5.46561e-008
6.44673e-008
8.8529e-008
1.11082e-007
1.19762e-007
1.20073e-007
1.26675e-007
1.43821e-007
1.59874e-007
1.63733e-007
1.5724e-007
1.46207e-007
1.31268e-007
1.12149e-007
9.09377e-008
6.88066e-008
4.48983e-008
1.95245e-008
-2.7664e-009
-1.49247e-008
-1.55826e-008
-1.33866e-008
-1.59309e-008
-2.00886e-008
-2.35204e-008
-3.51452e-008
-6.34609e-008
-1.03462e-007
-1.40737e-007
-1.63878e-007
-1.70545e-007
-1.6424e-007
-1.50248e-007
-1.33702e-007
-1.16765e-007
-9.7037e-008
-6.93771e-008
-3.13771e-008
1.07627e-008
4.33701e-008
5.50465e-008
4.72197e-008
3.31109e-008
2.40978e-008
2.1901e-008
2.47978e-008
3.37605e-008
5.01822e-008
7.11375e-008
9.0478e-008
1.04613e-007
1.1301e-007
1.13102e-007
1.00023e-007
7.47309e-008
4.97154e-008
4.16394e-008
5.79765e-008
9.13356e-008
1.24327e-007
1.39213e-007
1.26278e-007
8.81474e-008
3.89518e-008
-3.64606e-009
-3.07405e-008
-4.60021e-008
-5.65044e-008
-6.5268e-008
-7.1979e-008
-7.24917e-008
-5.99985e-008
-3.69491e-008
-2.18512e-008
-3.20398e-008
-6.16722e-008
-8.49086e-008
-8.00057e-008
-4.85451e-008
-1.50115e-008
-9.49488e-009
-4.45303e-008
-1.03817e-007
-1.57681e-007
-1.89892e-007
-2.04411e-007
-2.12056e-007
-2.1884e-007
-2.22886e-007
-2.17184e-007
-1.97167e-007
-1.67501e-007
-1.3817e-007
-1.13163e-007
-8.81831e-008
-5.82046e-008
-2.33191e-008
9.48939e-009
3.07849e-008
3.79684e-008
3.75361e-008
3.92149e-008
5.20279e-008
8.14593e-008
1.23033e-007
1.62062e-007
1.8565e-007
1.91358e-007
1.83015e-007
1.65405e-007
1.44411e-007
1.27571e-007
1.21055e-007
1.22917e-007
1.22629e-007
1.12716e-007
9.55102e-008
7.56991e-008
5.43672e-008
3.30162e-008
1.77921e-008
1.46241e-008
2.07256e-008
2.67289e-008
2.79997e-008
2.80279e-008
3.00997e-008
3.09151e-008
2.35206e-008
2.85011e-009
-3.03344e-008
-6.59452e-008
-8.82737e-008
-8.97048e-008
-7.79733e-008
-6.64323e-008
-6.13208e-008
-5.90609e-008
-5.34568e-008
-4.63503e-008
-4.75169e-008
-6.13882e-008
-8.05167e-008
-9.49721e-008
-1.01647e-007
-1.02678e-007
-1.0114e-007
-9.88877e-008
-9.36063e-008
-8.0338e-008
-6.01628e-008
-4.10769e-008
-2.71156e-008
-1.63545e-008
-9.07251e-009
-5.36031e-009
1.9076e-009
2.05393e-008
4.88719e-008
7.7483e-008
9.84725e-008
1.10498e-007
1.14089e-007
1.05894e-007
8.20816e-008
4.4359e-008
-1.00709e-009
-4.74233e-008
-8.83489e-008
-1.15552e-007
-1.20757e-007
-1.00601e-007
-6.19874e-008
-2.15439e-008
6.35482e-009
2.054e-008
3.07634e-008
5.07237e-008
8.9736e-008
1.42222e-007
1.87759e-007
2.05337e-007
1.89093e-007
1.51963e-007
1.13328e-007
8.51451e-008
6.93112e-008
6.08944e-008
5.33896e-008
4.49879e-008
3.76045e-008
2.8549e-008
9.33911e-009
-2.16796e-008

   Record Number: 18
   Aqu. Duration: 9.99424 ms
     Onset Delay: 0 ms
      No. Points: 244
    No. Averages: 700
   No. Artifacts: 0
      Start Time: Mon Dec 14 12:44

    SigGen Index: 4
       Variables: 
                  Polarity = 1 
                  Level = 60 dB
-1.4002e-007
-1.30169e-007
-1.28587e-007
-1.24576e-007
-1.09866e-007
-8.42053e-008
-5.22473e-008
-1.98051e-008
7.87258e-009
2.83688e-008
4.32461e-008
5.56681e-008
6.68368e-008
7.34288e-008
6.885e-008
5.16038e-008
3.23795e-008
2.61967e-008
3.69165e-008
5.50976e-008
6.8664e-008
7.00358e-008
5.71473e-008
3.42518e-008
1.27857e-008
8.33903e-009
2.91932e-008
6.37347e-008
8.75119e-008
8.81068e-008
7.46224e-008
6.16744e-008
5.38014e-008
4.54907e-008
3.18641e-008
1.903e-008
2.10783e-008
4.59849e-008
8.63558e-008
1.22541e-007
1.36126e-007
1.22551e-007
9.15355e-008
5.93477e-008
3.83555e-008
2.92307e-008
2.49137e-008
1.96122e-008
9.00815e-009
-1.48899e-008
-5.88816e-008
-1.13831e-007
-1.55674e-007
-1.68986e-007
-1.58933e-007
-1.35906e-007
-1.02689e-007
-6.31718e-008
-3.12894e-008
-2.09653e-008
-3.08882e-008
-4.5528e-008
-5.07672e-008
-4.52218e-008
-3.48387e-008
-2.03985e-008
1.65904e-009
2.77319e-008
4.78391e-008
5.93599e-008
7.01637e-008
8.45541e-008
9.40641e-008
8.67339e-008
6.1139e-008
2.86471e-008
1.48282e-009
-1.80186e-008
-3.16743e-008
-3.74951e-008
-3.5256e-008
-3.32703e-008
-4.48687e-008
-7.63992e-008
-1.17079e-007
-1.45642e-007
-1.47979e-007
-1.2551e-007
-9.06323e-008
-5.66592e-008
-2.69665e-008
7.59358e-009
5.54681e-008
1.09957e-007
1.54059e-007
1.76346e-007
1.75609e-007
1.54407e-007
1.17339e-007
7.54017e-008
4.36518e-008
3.0601e-008
3.27501e-008
4.04845e-008
4.68664e-008
5.05575e-008
5.29624e-008
5.4521e-008
5.34994e-008
4.79682e-008
3.89448e-008
3.124e-008
3.11073e-008
4.05037e-008
5.17022e-008
5.23133e-008
3.89281e-008
2.11752e-008
8.86152e-009
-1.8491e-010
-1.55803e-008
-4.30102e-008
-7.90518e-008
-1.1195e-007
-1.29972e-007
-1.31679e-007
-1.24476e-007
-1.14375e-007
-9.93155e-008
-7.27053e-008
-3.41847e-008
5.49885e-009
3.21612e-008
3.96717e-008
3.31735e-008
2.36928e-008
2.18776e-008
3.12178e-008
4.31866e-008
4.23046e-008
1.71083e-008
-3.11552e-008
-8.63083e-008
-1.25405e-007
-1.31918e-007
-1.04418e-007
-5.5841e-008
-3.9235e-009
3.68028e-008
5.62675e-008
4.91801e-008
1.65957e-008
-3.11633e-008
-7.59913e-008
-1.02686e-007
-1.05945e-007
-8.75703e-008
-5.5486e-008
-2.42877e-008
-7.39853e-009
-6.60769e-009
-1.23902e-008
-1.43396e-008
-8.89502e-009
4.2699e-009
2.79061e-008
6.06211e-008
8.87373e-008
9.57181e-008
7.92519e-008
5.31137e-008
3.27794e-008
2.29774e-008
1.96341e-008
1.82211e-008
1.63584e-008
1.35385e-008
1.12812e-008
1.09073e-008
1.12762e-008
1.02264e-008
8.99279e-009
1.21996e-008
2.12787e-008
3.235e-008
4.02556e-008
4.06823e-008
3.08044e-008
1.12211e-008
-1.26111e-008
-3.28506e-008
-4.4122e-008
-4.47567e-008
-3.56866e-008
-2.17041e-008
-1.16214e-008
-1.27182e-008
-2.46474e-008
-3.9907e-008
-4.85819e-008
-4.30722e-008
-2.29708e-008
3.88931e-009
2.80047e-008
4.4556e-008
5.2956e-008
5.44212e-008
5.1483e-008
4.79377e-008
4.81481e-008
5.47357e-008
6.47713e-008
7.08283e-008
6.89706e-008
6.09462e-008
4.58702e-008
1.79215e-008
-2.22649e-008
-6.1501e-008
-8.71334e-008
-9.98022e-008
-1.06463e-007
-1.08714e-007
-1.03131e-007
-8.63747e-008
-5.77772e-008
-2.10817e-008
1.52141e-008
3.99591e-008
4.40745e-008
2.80366e-008
3.89571e-009
-1.51176e-008
-2.45425e-008
-2.56853e-008
-1.91584e-008
-7.02052e-009
1.95992e-009
-3.2296e-009
-2.43014e-008
-5.11484e-008
-7.09595e-008
-7.61983e-008
-6.46206e-008

   Record Number: 19
   Aqu. Duration: 9.99424 ms
     Onset Delay: 0 ms
      No. Points: 244
    No. Averages: 700
   No. Artifacts: 0
      Start Time: Mon Dec 14 12:44

    SigGen Index: 4
       Variables: 
                  Polarity = 1 
                  Level = 60 dB
-1.42712e-008
-2.47949e-009
7.5553e-009
1.10472e-008
5.7073e-009
-1.77741e-009
9.52004e-010
2.04288e-008
5.29654e-008
8.86662e-008
1.15861e-007
1.27845e-007
1.25787e-007
1.12237e-007
8.99614e-008
6.72304e-008
5.41473e-008
5.43367e-008
6.44982e-008
7.87237e-008
9.09746e-008
9.54097e-008
8.75112e-008
6.8944e-008
4.84564e-008
3.35979e-008
2.67981e-008
2.93714e-008
4.11224e-008
5.69921e-008
6.85824e-008
6.79896e-008
5.16517e-008
2.3401e-008
-7.82291e-009
-3.28797e-008
-4.3908e-008
-3.57412e-008
-1.05595e-008
1.83694e-008
3.06796e-008
1.32678e-008
-2.68413e-008
-6.82772e-008
-9.36764e-008
-9.79415e-008
-8.3875e-008
-5.90439e-008
-3.54157e-008
-2.63675e-008
-4.15772e-008
-7.98649e-008
-1.23445e-007
-1.44383e-007
-1.23136e-007
-6.41836e-008
4.8957e-009
5.38505e-008
7.22888e-008
6.96493e-008
5.8733e-008
4.88552e-008
4.82088e-008
6.02345e-008
8.05084e-008
1.02593e-007
1.23555e-007
1.43229e-007
1.58948e-007
1.61443e-007
1.42165e-007
1.04715e-007
6.23942e-008
2.68433e-008
2.82355e-009
-1.10495e-008
-2.11109e-008
-3.48324e-008
-5.22302e-008
-6.47165e-008
-6.93621e-008
-7.72748e-008
-9.997e-008
-1.34049e-007
-1.65595e-007
-1.84462e-007
-1.88466e-007
-1.7753e-007
-1.51228e-007
-1.1405e-007
-7.83225e-008
-5.47951e-008
-4.15845e-008
-2.94716e-008
-1.43825e-008
1.51987e-009
1.53608e-008
2.46786e-008
2.76931e-008
2.80449e-008
3.62769e-008
6.02851e-008
9.28377e-008
1.1272e-007
1.02777e-007
6.36611e-008
9.17028e-009
-4.26113e-008
-7.35522e-008
-7.26376e-008
-4.40881e-008
-4.58134e-009
2.96811e-008
5.03267e-008
5.39442e-008
4.08634e-008
1.7331e-008
-6.66023e-009
-2.25221e-008
-2.83269e-008
-3.22421e-008
-4.75199e-008
-7.91226e-008
-1.15191e-007
-1.36203e-007
-1.33655e-007
-1.16137e-007
-9.76269e-008
-8.32269e-008
-6.58896e-008
-3.54594e-008
7.71876e-009
4.76234e-008
6.4758e-008
5.51687e-008
3.34594e-008
1.66239e-008
9.29094e-009
4.2247e-009
-7.93413e-009
-3.14769e-008
-6.26357e-008
-8.86635e-008
-9.59421e-008
-8.48331e-008
-7.10009e-008
-6.76194e-008
-7.21151e-008
-7.34712e-008
-6.48991e-008
-4.68124e-008
-2.37495e-008
-7.41521e-010
1.78799e-008
2.65014e-008
1.90947e-008
-3.54674e-009
-2.83726e-008
-3.68511e-008
-1.98289e-008
1.56484e-008
5.45153e-008
8.64658e-008
1.09349e-007
1.23375e-007
1.28976e-007
1.30817e-007
1.35484e-007
1.41857e-007
1.39425e-007
1.18212e-007
7.80704e-008
2.98747e-008
-1.0298e-008
-3.2052e-008
-3.84751e-008
-3.96418e-008
-3.88279e-008
-2.98977e-008
-7.31123e-009
2.47033e-008
5.273e-008
6.35177e-008
5.43771e-008
3.41608e-008
1.20036e-008
-1.20926e-008
-4.18341e-008
-7.47366e-008
-1.03629e-007
-1.24193e-007
-1.33795e-007
-1.26366e-007
-9.80301e-008
-5.68357e-008
-2.06569e-008
-5.52662e-009
-1.55688e-008
-3.97005e-008
-5.71401e-008
-5.1718e-008
-2.71201e-008
-4.93524e-009
-6.63487e-010
-7.42666e-009
-1.04182e-008
-9.10444e-009
-1.55321e-008
-3.38e-008
-5.17746e-008
-5.60791e-008
-4.64006e-008
-3.21965e-008
-2.27658e-008
-2.26035e-008
-3.12863e-008
-4.42779e-008
-5.58797e-008
-6.46279e-008
-7.46446e-008
-8.99169e-008
-1.07021e-007
-1.14398e-007
-1.01213e-007
-6.55044e-008
-1.2445e-008
4.99103e-008
1.09483e-007
1.50012e-007
1.59682e-007
1.41255e-007
1.11303e-007
8.78935e-008
7.74077e-008
7.35136e-008
6.79808e-008
5.84112e-008
4.7464e-008
4.01261e-008
3.9433e-008
4.14839e-008
3.63419e-008
1.71382e-008
-8.85898e-009

   Record Number: 20
   Aqu. Duration: 9.99424 ms
     Onset Delay: 0 ms
      No. Points: 244
    No. Averages: 700
   No. Artifacts: 0
      Start Time: Mon Dec 14 12:45

    SigGen Index: 5
       Variables: 
                  Polarity = 1 
                  Level = 50 dB
1.00194e-007
1.29774e-007
1.46218e-007
1.54662e-007
1.58467e-007
1.6053e-007
1.63043e-007
1.62043e-007
1.49233e-007
1.24675e-007
1.01639e-007
9.5612e-008
1.10687e-007
1.35067e-007
1.50718e-007
1.48263e-007
1.30945e-007
1.07998e-007
8.94078e-008
8.59595e-008
1.04526e-007
1.37052e-007
1.61606e-007
1.60293e-007
1.33162e-007
9.32239e-008
5.23456e-008
1.37344e-008
-2.64392e-008
-7.13055e-008
-1.16293e-007
-1.52151e-007
-1.72218e-007
-1.75503e-007
-1.68332e-007
-1.60542e-007
-1.54901e-007
-1.43541e-007
-1.16662e-007
-7.17115e-008
-1.4301e-008
4.46153e-008
9.06631e-008
1.10919e-007
1.04052e-007
8.62339e-008
7.95299e-008
9.02837e-008
1.04308e-007
1.06145e-007
9.61585e-008
8.47247e-008
7.65602e-008
6.63248e-008
4.70803e-008
1.93111e-008
-8.07087e-009
-2.3602e-008
-2.13856e-008
-5.23146e-009
1.39426e-008
2.35811e-008
1.56427e-008
-8.81831e-009
-4.14206e-008
-7.33438e-008
-1.01449e-007
-1.28506e-007
-1.55678e-007
-1.75368e-007
-1.75757e-007
-1.55048e-007
-1.27728e-007
-1.11397e-007
-1.10754e-007
-1.17962e-007
-1.22892e-007
-1.1986e-007
-1.07726e-007
-8.69304e-008
-5.82859e-008
-2.42299e-008
1.01159e-008
3.82847e-008
5.52592e-008
5.87453e-008
4.88751e-008
2.73524e-008
-3.80313e-009
-4.20469e-008
-8.28056e-008
-1.19229e-007
-1.43071e-007
-1.46522e-007
-1.26747e-007
-9.02406e-008
-5.00833e-008
-1.90939e-008
-6.55197e-009
-1.50745e-008
-3.71839e-008
-6.03735e-008
-7.66092e-008
-8.29986e-008
-7.78926e-008
-6.39971e-008
-4.98185e-008
-3.98224e-008
-2.59796e-008
5.64332e-009
5.74406e-008
1.11009e-007
1.40676e-007
1.36952e-007
1.13954e-007
9.45164e-008
9.08093e-008
1.0103e-007
1.20331e-007
1.47717e-007
1.83494e-007
2.24157e-007
2.59464e-007
2.74741e-007
2.5941e-007
2.16779e-007
1.63894e-007
1.1965e-007
9.46831e-008
8.86284e-008
9.24472e-008
9.57982e-008
9.20592e-008
7.6851e-008
4.82384e-008
1.04291e-008
-2.66835e-008
-5.46888e-008
-7.07869e-008
-7.23198e-008
-5.73714e-008
-3.70267e-008
-3.26431e-008
-5.42215e-008
-9.19709e-008
-1.29523e-007
-1.5768e-007
-1.7656e-007
-1.91318e-007
-2.08149e-007
-2.29418e-007
-2.48902e-007
-2.54487e-007
-2.38414e-007
-2.03939e-007
-1.6197e-007
-1.24622e-007
-1.00134e-007
-8.75954e-008
-7.78076e-008
-6.31699e-008
-4.46695e-008
-2.93362e-008
-2.49405e-008
-3.51596e-008
-5.36217e-008
-6.49023e-008
-5.85195e-008
-3.82213e-008
-1.18789e-008
1.99203e-008
5.94978e-008
1.02119e-007
1.34949e-007
1.47459e-007
1.42572e-007
1.33892e-007
1.31371e-007
1.32886e-007
1.29453e-007
1.1639e-007
9.95786e-008
9.00457e-008
9.34452e-008
1.08785e-007
1.33206e-007
1.6157e-007
1.86825e-007
2.04265e-007
2.09793e-007
1.96783e-007
1.61745e-007
1.10836e-007
5.61494e-008
7.6244e-009
-2.75951e-008
-4.2748e-008
-3.54306e-008
-1.23614e-008
1.16423e-008
1.90405e-008
-1.45997e-009
-4.56592e-008
-9.33554e-008
-1.19911e-007
-1.10134e-007
-6.59307e-008
-6.98905e-009
3.87641e-008
5.14842e-008
2.90376e-008
-1.63639e-008
-6.9438e-008
-1.20858e-007
-1.6933e-007
-2.17682e-007
-2.6323e-007
-2.92398e-007
-2.90594e-007
-2.56355e-007
-2.02191e-007
-1.43353e-007
-8.95682e-008
-4.82352e-008
-2.87343e-008
-3.49888e-008
-5.65688e-008
-7.5548e-008
-8.22445e-008
-8.1265e-008
-8.38908e-008
-9.62793e-008
-1.13664e-007
-1.24945e-007
-1.23219e-007
-1.10868e-007
-9.2549e-008
-6.55971e-008
-2.27755e-008
3.66329e-008
1.04496e-007
1.71407e-007
2.29464e-007
2.68535e-007

   Record Number: 21
   Aqu. Duration: 9.99424 ms
     Onset Delay: 0 ms
      No. Points: 244
    No. Averages: 700
   No. Artifacts: 0
      Start Time: Mon Dec 14 12:45

    SigGen Index: 5
       Variables: 
                  Polarity = 1 
                  Level = 50 dB
2.39499e-007
3.3867e-007
4.08122e-007
4.40255e-007
4.44095e-007
4.36044e-007
4.28252e-007
4.2143e-007
4.07846e-007
3.84698e-007
3.61792e-007
3.5336e-007
3.64164e-007
3.81604e-007
3.82123e-007
3.51137e-007
2.97222e-007
2.44101e-007
2.09162e-007
1.92748e-007
1.87085e-007
1.87571e-007
1.91737e-007
1.92987e-007
1.81276e-007
1.4994e-007
9.91326e-008
3.30245e-008
-4.29357e-008
-1.20523e-007
-1.87798e-007
-2.34516e-007
-2.57389e-007
-2.59036e-007
-2.4662e-007
-2.29913e-007
-2.15291e-007
-2.01644e-007
-1.81004e-007
-1.44066e-007
-9.03918e-008
-3.17066e-008
1.76596e-008
5.10179e-008
7.18952e-008
9.03911e-008
1.1452e-007
1.40904e-007
1.55771e-007
1.49887e-007
1.27388e-007
9.37732e-008
4.6352e-008
-1.46488e-008
-7.71223e-008
-1.28193e-007
-1.66666e-007
-1.98772e-007
-2.28923e-007
-2.57675e-007
-2.80864e-007
-2.92069e-007
-2.92808e-007
-2.93145e-007
-2.98209e-007
-3.06151e-007
-3.19667e-007
-3.43878e-007
-3.73087e-007
-3.92705e-007
-3.94126e-007
-3.8188e-007
-3.66392e-007
-3.51474e-007
-3.32897e-007
-3.08682e-007
-2.81988e-007
-2.52554e-007
-2.12643e-007
-1.54517e-007
-7.86305e-008
6.82142e-009
8.8598e-008
1.50193e-007
1.80535e-007
1.83577e-007
1.74918e-007
1.68437e-007
1.63822e-007
1.46619e-007
1.07408e-007
5.86496e-008
2.50478e-008
2.31285e-008
5.29334e-008
1.01007e-007
1.50855e-007
1.94077e-007
2.30861e-007
2.61955e-007
2.82919e-007
2.87704e-007
2.77604e-007
2.63678e-007
2.60138e-007
2.74086e-007
2.98508e-007
3.17443e-007
3.20619e-007
3.11782e-007
3.02077e-007
2.96956e-007
2.91434e-007
2.76332e-007
2.45533e-007
1.99211e-007
1.46871e-007
1.06085e-007
8.8799e-008
9.0145e-008
9.68922e-008
9.87223e-008
8.75319e-008
5.87588e-008
1.81643e-008
-2.19487e-008
-5.71989e-008
-9.51393e-008
-1.4181e-007
-1.93357e-007
-2.43156e-007
-2.86922e-007
-3.22357e-007
-3.51704e-007
-3.79378e-007
-4.03957e-007
-4.19645e-007
-4.24252e-007
-4.18014e-007
-4.00184e-007
-3.74843e-007
-3.53019e-007
-3.43595e-007
-3.48587e-007
-3.6662e-007
-3.89797e-007
-3.98106e-007
-3.70092e-007
-3.01983e-007
-2.12673e-007
-1.3207e-007
-8.33126e-008
-6.90075e-008
-7.10425e-008
-6.36913e-008
-2.92134e-008
3.05882e-008
9.35233e-008
1.34393e-007
1.45442e-007
1.38358e-007
1.33076e-007
1.46971e-007
1.86866e-007
2.44098e-007
2.96965e-007
3.24534e-007
3.23081e-007
3.08611e-007
3.03541e-007
3.20322e-007
3.53191e-007
3.81471e-007
3.82388e-007
3.46044e-007
2.80021e-007
2.01599e-007
1.30879e-007
8.71282e-008
7.82845e-008
9.1542e-008
1.03171e-007
9.99648e-008
8.75252e-008
7.90134e-008
8.00006e-008
8.57779e-008
9.03657e-008
9.31058e-008
9.52893e-008
9.27676e-008
7.5e-008
3.3035e-008
-3.19612e-008
-1.0629e-007
-1.67908e-007
-1.97981e-007
-1.93235e-007
-1.65902e-007
-1.32881e-007
-1.07225e-007
-9.60946e-008
-1.00917e-007
-1.17625e-007
-1.39436e-007
-1.61392e-007
-1.81852e-007
-2.01001e-007
-2.18242e-007
-2.30604e-007
-2.37547e-007
-2.44282e-007
-2.52846e-007
-2.5594e-007
-2.46129e-007
-2.26736e-007
-2.09092e-007
-1.97388e-007
-1.83501e-007
-1.61544e-007
-1.33e-007
-9.5919e-008
-5.05601e-008
-1.39746e-008
-7.97393e-009
-3.44433e-008
-7.36673e-008
-1.02438e-007
-1.10803e-007
-1.0564e-007
-9.81797e-008
-9.19491e-008
-8.66373e-008
-8.37634e-008
-8.11755e-008
-7.09176e-008
-5.04974e-008
-2.90796e-008
-1.38079e-008
2.72701e-009
3.22166e-008
7.47478e-008
1.18352e-007
1.47808e-007

   Record Number: 22
   Aqu. Duration: 9.99424 ms
     Onset Delay: 0 ms
      No. Points: 244
    No. Averages: 700
   No. Artifacts: 0
      Start Time: Mon Dec 14 12:45

    SigGen Index: 6
       Variables: 
                  Polarity = 1 
                  Level = 40 dB
1.94496e-007
2.47857e-007
2.84852e-007
2.93238e-007
2.7794e-007
2.57141e-007
2.45612e-007
2.45559e-007
2.51594e-007
2.56639e-007
2.54167e-007
2.41655e-007
2.22997e-007
2.03587e-007
1.82349e-007
1.52804e-007
1.12137e-007
6.57189e-008
2.36143e-008
-6.00696e-009
-2.17737e-008
-2.83775e-008
-3.19375e-008
-3.70913e-008
-4.72483e-008
-6.60305e-008
-9.74572e-008
-1.42773e-007
-1.95419e-007
-2.41013e-007
-2.66607e-007
-2.69875e-007
-2.56596e-007
-2.32731e-007
-2.03131e-007
-1.73201e-007
-1.4665e-007
-1.24577e-007
-1.08757e-007
-1.01454e-007
-1.01565e-007
-1.04251e-007
-1.02061e-007
-8.79111e-008
-6.45618e-008
-4.79797e-008
-5.15486e-008
-6.73692e-008
-7.13367e-008
-4.79055e-008
-2.88611e-009
4.73089e-008
8.99629e-008
1.18203e-007
1.27726e-007
1.18818e-007
9.73433e-008
6.93851e-008
4.07122e-008
2.06908e-008
2.00731e-008
4.55548e-008
9.52168e-008
1.55612e-007
2.05875e-007
2.30549e-007
2.3014e-007
2.16237e-007
1.99198e-007
1.85326e-007
1.79917e-007
1.84632e-007
1.93051e-007
1.94334e-007
1.82564e-007
1.60932e-007
1.3574e-007
1.08503e-007
7.88488e-008
5.18791e-008
3.4205e-008
2.37297e-008
8.85809e-009
-2.07141e-008
-6.33593e-008
-1.07379e-007
-1.43759e-007
-1.73886e-007
-2.01765e-007
-2.23738e-007
-2.34979e-007
-2.42066e-007
-2.5628e-007
-2.77107e-007
-2.9242e-007
-2.91751e-007
-2.74725e-007
-2.4865e-007
-2.1893e-007
-1.82935e-007
-1.34566e-007
-7.34991e-008
-8.08086e-009
5.07074e-008
9.69757e-008
1.32705e-007
1.62651e-007
1.85322e-007
1.93611e-007
1.85212e-007
1.65247e-007
1.40232e-007
1.16685e-007
1.01556e-007
9.7616e-008
9.94162e-008
9.44006e-008
7.05215e-008
2.95245e-008
-9.30946e-009
-2.72396e-008
-2.60418e-008
-2.30203e-008
-3.03935e-008
-4.75085e-008
-6.91753e-008
-9.14129e-008
-1.08656e-007
-1.13892e-007
-1.05596e-007
-9.12612e-008
-8.16194e-008
-8.11718e-008
-8.47075e-008
-8.52624e-008
-8.5665e-008
-9.6542e-008
-1.20048e-007
-1.43852e-007
-1.55583e-007
-1.53737e-007
-1.42504e-007
-1.24993e-007
-1.02634e-007
-7.82183e-008
-5.76558e-008
-4.43482e-008
-3.33995e-008
-1.72442e-008
6.20319e-009
3.36183e-008
5.74717e-008
6.83612e-008
6.50377e-008
5.93755e-008
6.497e-008
8.52519e-008
1.17809e-007
1.63543e-007
2.22408e-007
2.82653e-007
3.23322e-007
3.31645e-007
3.16015e-007
2.97878e-007
2.91784e-007
2.97817e-007
3.09457e-007
3.20146e-007
3.23625e-007
3.14983e-007
2.93994e-007
2.6583e-007
2.36953e-007
2.0941e-007
1.78621e-007
1.3978e-007
9.62405e-008
5.53716e-008
1.90909e-008
-1.25445e-008
-3.26551e-008
-3.41918e-008
-2.38603e-008
-1.81868e-008
-2.55167e-008
-4.10901e-008
-5.83877e-008
-7.44486e-008
-8.35919e-008
-7.8644e-008
-6.30007e-008
-5.14409e-008
-5.70031e-008
-8.43418e-008
-1.3005e-007
-1.80171e-007
-2.14399e-007
-2.21384e-007
-2.08726e-007
-1.9665e-007
-2.01314e-007
-2.22934e-007
-2.49501e-007
-2.67621e-007
-2.66667e-007
-2.39685e-007
-1.89283e-007
-1.31909e-007
-9.02653e-008
-7.86697e-008
-9.49035e-008
-1.22898e-007
-1.43449e-007
-1.48633e-007
-1.47689e-007
-1.56507e-007
-1.80963e-007
-2.09987e-007
-2.26379e-007
-2.25156e-007
-2.16864e-007
-2.12787e-007
-2.12697e-007
-2.066e-007
-1.84608e-007
-1.46138e-007
-1.02364e-007
-7.06993e-008
-6.33495e-008
-7.84469e-008
-1.02782e-007
-1.18366e-007
-1.06765e-007
-6.17997e-008
-1.45568e-009
4.59656e-008
6.87991e-008
7.95298e-008
1.01474e-007
1.51665e-007
2.29947e-007
3.18125e-007
3.90147e-007

   Record Number: 23
   Aqu. Duration: 9.99424 ms
     Onset Delay: 0 ms
      No. Points: 244
    No. Averages: 700
   No. Artifacts: 0
      Start Time: Mon Dec 14 12:45

    SigGen Index: 6
       Variables: 
                  Polarity = 1 
                  Level = 40 dB
2.81478e-007
2.491e-007
2.1571e-007
1.86933e-007
1.65464e-007
1.67234e-007
2.05355e-007
2.63412e-007
3.02481e-007
2.9748e-007
2.58242e-007
2.14358e-007
1.86378e-007
1.71973e-007
1.54947e-007
1.25556e-007
9.09402e-008
6.44144e-008
4.73675e-008
2.69292e-008
-8.09012e-009
-5.38198e-008
-9.64883e-008
-1.25964e-007
-1.40533e-007
-1.4633e-007
-1.55932e-007
-1.78108e-007
-2.0901e-007
-2.40938e-007
-2.72458e-007
-3.02663e-007
-3.23043e-007
-3.19539e-007
-2.82299e-007
-2.17411e-007
-1.48884e-007
-1.04455e-007
-9.62278e-008
-1.11867e-007
-1.22741e-007
-1.01387e-007
-3.70463e-008
5.77108e-008
1.55313e-007
2.2946e-007
2.644e-007
2.5789e-007
2.2179e-007
1.74179e-007
1.27068e-007
8.49816e-008
5.17913e-008
3.16101e-008
2.575e-008
3.09939e-008
3.88775e-008
4.00166e-008
3.05274e-008
1.29194e-008
-5.03292e-009
-9.78848e-009
1.18413e-008
5.8771e-008
1.12787e-007
1.53125e-007
1.67557e-007
1.51498e-007
1.08684e-007
5.54564e-008
1.75457e-008
1.58812e-008
4.97521e-008
9.30678e-008
1.138e-007
1.02035e-007
7.71179e-008
6.69314e-008
8.25491e-008
1.10799e-007
1.2614e-007
1.08656e-007
5.77954e-008
-3.90194e-009
-4.63251e-008
-6.00549e-008
-6.56333e-008
-8.94358e-008
-1.3387e-007
-1.76126e-007
-1.95375e-007
-1.94138e-007
-1.9025e-007
-1.95249e-007
-2.04991e-007
-2.09063e-007
-2.03052e-007
-1.85348e-007
-1.48636e-007
-8.58631e-008
-4.4122e-009
7.06418e-008
1.13657e-007
1.21572e-007
1.1335e-007
1.07193e-007
1.07255e-007
1.0998e-007
1.12634e-007
1.12778e-007
1.07046e-007
9.60471e-008
8.5616e-008
7.85499e-008
7.00458e-008
5.55219e-008
3.79374e-008
2.46074e-008
1.90145e-008
1.49985e-008
3.98733e-011
-3.33451e-008
-7.93907e-008
-1.19975e-007
-1.34487e-007
-1.13635e-007
-6.57047e-008
-1.23287e-008
2.12632e-008
1.981e-008
-1.05323e-008
-4.25978e-008
-4.31483e-008
3.05272e-009
7.66239e-008
1.36714e-007
1.55172e-007
1.30968e-007
7.78651e-008
1.35179e-008
-4.56705e-008
-8.80108e-008
-1.06071e-007
-1.0166e-007
-8.98512e-008
-8.66299e-008
-9.32005e-008
-9.59242e-008
-7.89067e-008
-3.88738e-008
5.20109e-009
2.24377e-008
1.60117e-009
-3.30458e-008
-4.64777e-008
-2.62219e-008
1.3153e-008
4.94921e-008
7.18023e-008
8.2176e-008
8.50837e-008
8.20642e-008
7.47715e-008
6.59618e-008
5.89455e-008
5.78684e-008
6.39679e-008
6.99121e-008
6.27604e-008
3.63226e-008
-1.71407e-009
-3.60748e-008
-5.4361e-008
-5.27226e-008
-3.74752e-008
-2.12471e-008
-1.19998e-008
-6.93482e-009
1.02948e-009
1.68301e-008
4.27481e-008
7.59074e-008
1.0734e-007
1.29024e-007
1.39848e-007
1.43987e-007
1.4942e-007
1.67536e-007
2.01641e-007
2.33716e-007
2.38745e-007
2.15437e-007
1.89094e-007
1.8328e-007
1.98744e-007
2.18618e-007
2.23347e-007
2.00743e-007
1.51481e-007
8.58801e-008
1.3831e-008
-5.60764e-008
-1.10527e-007
-1.37369e-007
-1.36727e-007
-1.1796e-007
-8.99121e-008
-5.9513e-008
-3.52581e-008
-2.91058e-008
-5.29935e-008
-1.07295e-007
-1.7438e-007
-2.3222e-007
-2.72328e-007
-2.95912e-007
-2.98983e-007
-2.76309e-007
-2.37866e-007
-2.07976e-007
-2.05784e-007
-2.3067e-007
-2.65082e-007
-2.87593e-007
-2.85888e-007
-2.64012e-007
-2.37139e-007
-2.16382e-007
-2.01573e-007
-1.88228e-007
-1.73359e-007
-1.53362e-007
-1.24455e-007
-8.78457e-008
-5.15728e-008
-2.83828e-008
-2.81681e-008
-4.33333e-008
-4.80701e-008
-2.3837e-008
2.17858e-008
6.69435e-008
9.77922e-008
1.1888e-007

